gene	IgG.C13	IgG.C15	IgG.C16	IgG.C20	IgG.C25	IgG.C26	IgG.C27	IgG.C28	IgG.C29	IgG.C32	IgG.C35	IgG.C37	IgG.C40	IgG.C41	IgG.C42	IgG.C43	IgG.C44	IgG.C47	IgG.C48	IgG.C49	IgG.C51	IgG.C52	IgG.CC	average	median
IGHV4-39	0.09966557032696718	0.11363654546181842	0.0993751952514839	0.09096390923709126	0.08249652569364462	0.08743837008393926	0.10366243938424159	0.10651538116687653	0.088118035915085	0.08162564789070811	0.0829000950581498	0.062394572103309974	0.09042675276188147	0.08213800982297169	0.09589271077138822	0.09708341831531712	0.1043286146796498	0.04657497343490429	0.07407148841105836	0.05723791417707768	0.059626763768775605	0.060892483868035994	0.03737129782636329	0.082801596322206045	0.08743837008393926
IGHV3-7	0.1011580663884359	0.07828313132525297	0.0789597000937207	0.08549967244357093	0.06279436973108603	0.08179233831907988	0.08009416461450009	0.07429071579531624	0.07623947933349234	0.09641986750420482	0.07726115172923688	0.10327716759755594	0.09352526241699058	0.07779774052122292	0.09721604993136412	0.09108523538464389	0.09328205547827512	0.07164344403370398	0.06073722423903937	0.05923411189570886	0.08564709452283416	0.07670635281286922	0.05732807931867294	0.080881411975251227	0.078959700093720706
IGHV4-34	0.0422459301843509	0.037409496379855176	0.041018431740081226	0.041808111488297287	0.03688172217445616	0.036683391256558374	0.04569370463988545	0.049927417116751666	0.03585374995740621	0.05018364054508631	0.032912417410897676	0.03652959478202197	0.031543593353123005	0.045130989229882915	0.031108345924806685	0.04531548402647729	0.0779805253252598	0.050301569959740784	0.10838452946104439	0.04024986420423683	0.04487938097405553	0.05504559362598079	0.04080335579000889	0.045995253893489796	0.041808111488297287
IGHV3-23	0.054641939139327265	0.04020960838433535	0.036129334582942825	0.05552825918646889	0.036046266404944634	0.040672779247274846	0.03537139695592275	0.03518135046858652	0.032023716223123326	0.03978306387944943	0.04249451361913369	0.03637028151591257	0.03754934663524806	0.03703143155654068	0.038080565678112584	0.03002799770085105	0.029457491203665826	0.06453447475941751	0.04253351019268361	0.03431558935361217	0.06313154301319984	0.03211245417916326	0.05105715859497478	0.041055829238038764	0.03754934663524806
IGHV1-2	0.01705314944307786	0.04912196487859511	0.03762886597938144	0.038324102197605854	0.03448080073974339	0.04530268344660982	0.042601894140747935	0.0385383088188203	0.03705319112686135	0.030801267749058912	0.05854877891352058	0.028545188739363497	0.03098127123052912	0.03996562936345971	0.030436800679445784	0.057302579125952546	0.048768513214957857	0.013394794737866112	0.0626570790282044	0.02236556219445953	0.04497041420118343	0.03308188675815687	0.05821787212406254	0.039136634731811469	0.038324102197605854
IGHV3-30	0.04999861805920236	0.03605744229769191	0.03409871915026555	0.035152760407361094	0.03471332241022233	0.03512163877258117	0.04168519944889837	0.03201118630318296	0.0413534603196238	0.039302509182027254	0.030084144065907016	0.052076695280578796	0.04021176974630474	0.04282659428002304	0.04841051165822297	0.0349693137782063	0.02319777432288684	0.02696918448897735	0.03361491203574419	0.04303367734926673	0.04874829312699135	0.044927141082735	0.03605779416126434	0.038461854857746322	0.036057794161264339
IGHV3-33	0.03772698377601503	0.03228929157166287	0.03195876288659794	0.05014591150020843	0.03158239107981985	0.04990095721588954	0.0422086375421734	0.04523621458915951	0.030040549289535555	0.030435130836737257	0.03853962516576501	0.03900363609101474	0.032645285674939566	0.04231884624022342	0.04891417059224365	0.031121947601653897	0.029457491203665826	0.04233952437253992	0.041625942474169224	0.041770776751765354	0.032650584129874066	0.0496228301372353	0.024659972035083254	0.038095454902520552	0.038539625165765007
IGHV4-59	0.04132002984992122	0.049177967118684725	0.021446422992814743	0.03338097790482997	0.06453017103861482	0.03170555232661583	0.05170646242636609	0.0456631727259142	0.04473370361536104	0.03473723955651666	0.037553836945934234	0.03916763504142146	0.038096367475594466	0.03765635222090947	0.027898754678596472	0.0460200619286893	0.040422224040585875	0.03870272535432599	0.034347947500698126	0.028422053231939165	0.02812926718252162	0.01208761246932655	0.04798525486208211	0.038038773586446258	0.038096367475594466
IGHV1-18	0.030596169260108892	0.03398535941437656	0.03739456419868791	0.031236972187481376	0.039039306977272384	0.044337955329925155	0.038582540491869106	0.03625941976389213	0.03524721436603401	0.03446263687227542	0.05075048996021644	0.029913408554185256	0.03603069437218841	0.039955864978078966	0.03250081474239326	0.03537722730053955	0.027984616643482535	0.045527335857641016	0.02586567997765987	0.0319663226507333	0.03067819754210287	0.050713441788603104	0.028897080632176598	0.035969709298344525	0.035247214366034008
IGHV3-53	0.026408888643210518	0.03434537381495259	0.03967510153077163	0.03495175987135965	0.028200011896457575	0.03861284748992769	0.0340451729786611	0.03836218858740899	0.0305039697413705	0.03418803418803419	0.045522291722899656	0.0351192038085242	0.033004865807754705	0.0337701268393661	0.04253449076131504	0.03878886766914505	0.01963832746911055	0.05949084813745004	0.02905962021781625	0.031776208582292235	0.018843878015475646	0.03635372171226029	0.045040464387102234	0.035140707124898543	0.03434537381495259
IGHV3-48	0.04018683839584312	0.029705188207528287	0.0310215557638238	0.037237210410338874	0.03145801902351715	0.03826886656307701	0.03385532496555615	0.01931985568814977	0.03583330493747231	0.035972951635602234	0.028687610754480078	0.04236795741650111	0.0329742632432598	0.038500971556345395	0.03332049496834849	0.03747241948343314	0.030930365763849114	0.058772468084469516	0.020874057525830773	0.043576860401955464	0.04246700045516614	0.03671725892938289	0.028346256514554462	0.035124656551673274	0.035833304937472311
IGHV1-69	0.026353611011304266	0.0339853594143766	0.03937831927522651	0.034743314871061914	0.06290792682597073	0.03090688396772119	0.023619804944727128	0.031226650726896277	0.03609909019661298	0.03010331925994577	0.04022954782833211	0.03221876522847401	0.037067356244453245	0.03297921162352439	0.029133212850215792	0.046576307640961996	0.02303412159397758	0.018573117619767415	0.04187028762915387	0.039462248777838174	0.0357153694431801	0.041473537520070276	0.0341087242066014	0.034859395160886687	0.034108724206601403
IGHV5-51	0.03877725878223377	0.03143325733029321	0.04376757263355202	0.036663986659519976	0.037181837353795266	0.030875253537665917	0.025640330227058236	0.03929082253485044	0.035574334684976325	0.033821897275712526	0.04285831641454744	0.03592514150766577	0.035349787312176785	0.031470614082196605	0.035809162642333026	0.03583149463222887	0.03608542672449063	0.028810033374739953	0.03351019268360793	0.043101575230852805	0.028068578364436353	0.018176860856130145	0.019363586288716567	0.033799448744946982	0.035574334684976325
IGHV3-21	0.023962853431358993	0.033953358134325366	0.02697594501718213	0.03712554344589363	0.024698668137501423	0.03717761672617142	0.042317122121090484	0.0320805670004056	0.03540395951886054	0.03580132495795147	0.030805881869711685	0.0351051467556322	0.03229718150381003	0.03167566617519262	0.02824440296664988	0.0221849331578069	0.017674494722199494	0.03957076791834413	0.025726054174811504	0.04987778381314504	0.04595660749506904	0.03859553455118302	0.023897292487606452	0.03265690026443057	0.03229718150381003
IGHV3-74	0.03523949034023382	0.029521180847233878	0.029053420805998126	0.02532606753618009	0.026204651514905735	0.033211951557996375	0.030077349504767915	0.02577759750656447	0.027260026578525914	0.02208263252439959	0.02306040299961274	0.031909510064849864	0.03240811580010406	0.030123128899651415	0.020442627322015818	0.02734874752007119	0.037435561737991986	0.06196027956957061	0.02495811225914549	0.030893536121673004	0.03459262630860264	0.03241540186009876	0.06461590610567348	0.031996448925472473	0.030077349504767915
IGHV3-23D	0.024792017909952724	0.027633105324212974	0.027038425492033735	0.024082841998689777	0.018590918676897623	0.02734055297899344	0.02432224259321538	0.025030420767243763	0.020819845299349177	0.028661655167679264	0.030295384398727875	0.02495595456760505	0.024191327233222145	0.019602003651880136	0.020659891960220816	0.01884745888417109	0.01718353653547173	0.01631321370309951	0.028919994414967877	0.021523628462791957	0.030905780609922617	0.02120633766548517	0.039616965382822764	0.024457978420811158	0.02432224259321538
IGHV4-4	0.028550896879577677	0.031609264370574805	0.031583880037488285	0.021976058602822937	0.026331727311562827	0.021212157155791736	0.021610128120287713	0.021027688235168537	0.029229563498824416	0.017368619778258328	0.022461888723286916	0.028976271694718298	0.021961165345655977	0.021384003983869245	0.02020561135306491	0.024085439341405068	0.03547172899108093	0.01709145876049508	0.022148142976822115	0.021591526344378057	0.019116977696859355	0.022418128389227184	0.02160925384517605	0.023870503540712889	0.021976058602822937
IGHV3-15	0.01340482573726541	0.02296091843673746	0.01908778506716651	0.015953486987076406	0.012450724332040955	0.014320677207507484	0.012559802124128062	0.01584014687359904	0.022653082086755035	0.02654492614331971	0.01717501261574211	0.019792330471942125	0.019769256663708427	0.01768330192456036	0.022052360777807405	0.010114401201490736	0.031094018492758373	0.03726596524836493	0.03368472493716839	0.021048343291689302	0.0288271885905022	0.01969159926080766	0.015889157239100036	0.020428871117879922	0.019691599260807661
IGHV3-9	0.01077913822171858	0.013920556822272884	0.022492970946579195	0.009380025013400033	0.023252167047894068	0.01423369352485559	0.027392356176569512	0.020493990564225167	0.0253518247180291	0.0171626677650774	0.02130006689277207	0.02291299621396709	0.021287908926768073	0.016697099001103378	0.01629484786537493	0.015111341850073236	0.016569838802062028	0.012870975949234476	0.02146746718793633	0.03625746876697447	0.015248065543923533	0.03453603562664728	0.029024193890089398	0.02017555205728469	0.020493990564225167
IGHV1-24	0.019899947486249688	0.009840393615744625	0.02296157450796626	0.017978381275683398	0.01955345024306627	0.022852985714907032	0.009844975536727458	0.018652733599470565	0.020036119535216546	0.01853568118628359	0.02438065507974324	0.013550998987892192	0.01979603390764147	0.017575893685371977	0.013924688175865849	0.01724361708045167	0.01963832746911055	0.012571650927159254	0.012566322256352973	0.028924497555676266	0.012289485662266727	0.016359174770517133	0.010804626922588025	0.017381835442693595	0.017978381275683398
IGHV3-30-5	0.023907575799452747	0.01962478499139965	0.015557638238050607	0.014821928414031321	0.009852429851456516	0.013178027921762136	0.012266893761051872	0.009211621800482456	0.014393294033461682	0.01615579125619286	0.012427972914295113	0.009671252389698992	0.01675490406096032	0.016203997539374893	0.021064794240511955	0.02046057144976173	0.018820063824564276	0.01354445724890372	0.016877268919296286	0.021156979902227046	0.02961614322561068	0.02081250568026902	0.011588492013050294	0.016433451716342008	0.016155791256192861
IGHV1-3	0.026118681075702713	0.01905676227049081	0.022211808809746953	0.02018938717169912	0.012142497931638636	0.012770786134800986	0.016055717679731834	0.01913306150331959	0.015333764950420825	0.019016235883705757	0.015297320768445399	0.0194924466769127	0.017864247023900614	0.0231513577377872	0.01967232542292537	0.008343685684089516	0.004909581867277637	0.023347351721867186	0.01466070929907847	0.023221075502444326	0.010013654984069186	0.012723802599291102	0	0.01629244620431939	0.017864247023900614
IGHV4-31	0.01077913822171858	0.016912676507060277	0.016588566073102155	0.013846703591209573	0.020110420756073964	0.026031843935458113	0.0173656689701559	0.03430074931152999	0.013882168535114321	0.02061808487511298	0.00886622619145416	0.01224837875323312	0.012068886372678033	0.016277230429730605	0.012887743311705625	0.010309087200786157	0.012273954668194094	0.02027927024559618	0.02932141859815694	0.010184682237914178	0.007282658170232135	0.015601805568178377	0.011736790813948562	0.016077137101667135	0.013882168535114321
IGHV3-66	0.00932810038417954	0.012560502420096797	0.012808497344579822	0.010921029122744324	0.015700620238037307	0.021714290232918577	0.015337007344405995	0.009563862263305075	0.010767710498517736	0.012357120790855727	0.010268627289903891	0.015275330809311392	0.009792820638369497	0.01797623348598323	0.015850442923591973	0.01679862051063356	0.012273954668194094	0.03434754628313153	0.01378804803127618	0.01548071700162955	0.0198755879229252	0.015147384046775124	0.019066988686920045	0.01508700186688201	0.015147384046775124
IGHV4-38-2	0.022553273817749644	0.023592943717748702	0.011933770696657296	0.008486689297838124	0.007270357812998507	0.010303612590492686	0.010213823105045622	0.01515701385479153	0.021133335605002215	0.021419009370816595	0.012803511283754452	0.030344491509540054	0.021452397710928186	0.024035034614746185	0.017400922387145832	0.02098900487642074	0.006014237787415107	0.012751245940404386	0.006475146607092991	0.014258555133079848	0.022030040964952206	0.005453058256839044	0.0005084530316512013	0.015068692607526572	0.014258555133079848
IGHV4-61	0.008457477681656117	0.010600424016960671	0.019900031240237426	0.010675361800964797	0.015587063143152249	0.022734371602199908	0.012402499484698262	0.01908502871293469	0.02011789961495213	0.009508117941852879	0.012809379070777255	0.014947332908497958	0.010852434434005574	0.014587991758858743	0.012314954720074262	0.010698459199377001	0.043327059978725144	0.013739018513252614	0.014381457693381738	0.016784356328082565	0.009467455621301775	0.010815232209397438	0.011016482352442689	0.014991734349034083	0.012809379070777255
IGHV3-30-3	0.010848235261601391	0.0031041241649665966	0.010481099656357388	0.007891132154130186	0.012953620037960523	0.005867444775246026	0.017002245630783588	0.0052195632218260965	0.017105666678025017	0.01580109612238126	0.00546290971822887	0.0087434868988267	0.011013097897603833	0.012522824250827536	0.01752930603699424	0.005108189791037027	0.017388102446608298	0.006016432943711929	0.01258377548170902	0.022555676262900594	0.01283568502503414	0.04180677996909934	0.05773060463539681	0.014677004307011146	0.012522824250827536
IGHV2-5	0.013847046792515406	0.007968318732749308	0.01780693533270853	0.010005360014293368	0.01671181913058526	0.009323069258780412	0.014423024767029372	0.011720000853916265	0.012934882611510544	0.01640751038341399	0.013754092781448412	0.013044945083780037	0.018537503442788515	0.0139533067091092	0.01658124216119061	0.01874548050358778	0.01841093200229114	0.005836837930466797	0.010995531974308852	0.021998913633894623	0.011561219845243513	0.02090338998454967	0.005084530316512012	0.013937212793333634	0.013847046792515406
IGHV1-69D	0.006702412868632705	0.009016360654426174	0.01366760387378944	0.017233934846048474	0.035846189618718584	0.01363666915756304	0.00768613241627703	0.014991567576799088	0.018857123385695302	0.014382315587134861	0.017233690485970135	0.01305900213667204	0.014168987361140879	0.011116752755997775	0.012048311755004492	0.021248586208814632	0.0006136977334097047	0.008934851908945328	0.0034033789444289303	0.014122759369907662	0.009406766803216508	0.016207700930049383	0.020761832125757385	0.013667244717582586	0.01366760387378944
IGHV1-46	0.01090351289350764	0.014432577303092116	0.01310527960012496	0.01568548627240783	0.009281940636676787	0.01987972528971497	0.010221959448464409	0.01934120359498751	0.014461444099907994	0.01562946944473048	0.0155496356104259	0.009896165235971062	0.011992379961440777	0.01448058351967036	0.010527459287569499	0.01598279346596703	0.009819163734555275	0.011224688327820764	0.01103043842502094	0.012696903856599676	0.010013654984069186	0.005453058256839044	0.0031778314478200075	0.012382058899886273	0.011992379961440777
IGHV3-11	0.010143445454796713	0.012832513300532013	0.0051077788191190255	0.008687689833839553	0.012026237096399169	0.010066384365078425	0.011933303680881774	0.010679290395576711	0.011142535863972462	0.00902756324443071	0.011002100667754165	0.011779810323499645	0.014784863971600837	0.011683087108081986	0.013332148253488572	0.011060018912354214	0.0004909581867277638	0.0029034527141296377	0.009843619100809829	0.016064638783269962	0.01655287513275679	0.0122390863097943	0.027456463709164863	0.011340863705567788	0.011142535863972462
IGHV1-8	0.00345485199414057	0.008856354254170161	0.014604810996563574	0.006915907331308438	0.010566217305019776	0.008714183480217146	0.010607079703620143	0.010108233887667307	0.008600538385524924	0.011041316262199794	0.008942507422750587	0.006873898864190125	0.008098203629464153	0.011639147373868555	0.006389555496301563	0.010976582055513318	0.0012273954668194093	0.0020952751545265423	0.008639346551242669	0.013172189027702334	0.006766803216507359	0.008179587385258565	0.013452819795771363	0.0086922958713194949	0.0087141834802171459
IGHV5-10-1	0.014593294823249768	0.003712148485939436	0.005810684161199626	0.010720028586742893	0.004115092819406369	0.006824265284416872	0.004252595493550594	0.005827978566701532	0.006474256312399903	0.007620224487694364	0.017098731384445683	0.009146455748397495	0.012386387979312673	0.008231376875982542	0.009243622789085413	0.0026885209426510664	0.0029457491203665823	0.00957840070640705	0	0.0019554589896795226	0.005310271582460931	0.0018176860856130147	0.0059107664929452155	0.0067940868573325456	0.0059107664929452155
IGHV3-49	0.010944971117437327	0.00928037121484859	0.005623242736644799	0.006030016080042879	0.006218602815134461	0.006203518094582894	0.007225072955879326	0.006068142518626045	0.010631410365625106	0.00943946727079257	0.002094799967140394	0.009629081231022978	0.006713437586069715	0.00760157401892338	0.012295203389328355	0.006229951977453505	0.0024547909336388187	0.007857281829474535	0.003926975705110304	0.004073872895165671	0.005461993627674101	0.0018176860856130147	0.004703190542773611	0.0066315067373479289	0.006218602815134461
IGHV3-72	0.009120809264531106	0.004320172806912275	0.0037488284910965324	0.007146685724495263	0.004542283795402563	0.0042701080574566765	0.004068171709391512	0.0032021860256601824	0.003680103588100998	0.004805546974221672	0.004224806656417601	0.004498256925441391	0.004131346206812133	0.006151562789880193	0.012443338369922672	0.004449965698181076	0.01963832746911055	0.010775700794707932	0.013089919017034346	0.006518196632265074	0.0063723258989531175	0.005453058256839044	0.005084530316512012	0.0065972274551889531	0.004805546974221672
IGHV6-1	0.0043531135126171185	0.008400336013440535	0.005388940955951265	0.011390030373414326	0.004096166636925525	0.0056341703535886705	0.004556352314518493	0.013449181307772767	0.0057246055814904415	0.006521813750729412	0.0073934116487308025	0.006817670652622109	0.006529822199100287	0.006590960132014492	0.007554884010310194	0.004171842842044758	0.0024547909336388187	0.00897975066225661	0.006806757888857861	0.0048886474741988055	0.006827492034592627	0.008179587385258567	0.0015889157239100038	0.0064477932342601957	0.0065298221991002868
IGHV3-73	0.002487493435781211	0.004800192007680305	0.005154639175257732	0.0031266750044666777	0.0021900296870690926	0.0033211951557996374	0.0039868082752036816	0.0044830604359242555	0.0016356015947115547	0.000686506710603096	0.0040487730457335344	0.0059039622146418265	0.006311778927074092	0.0029293156142286628	0.0017776197671318104	0.003893719985908441	0.004909581867277637	0.005387850397353966	0.0010471935213627478	0.005703422053231939	0.006827492034592627	0.009088430428065073	0.015253590949536036	0.0045632579255928543	0.0040487730457335344
IGHV2-70	0.002902075675078079	0.004296171846873873	0.004951577631990003	0.0047570126853671586	0.007954404122663296	0.004040787439556225	0.00338200674774081	0.00497406229319215	0.005227110096432344	0.00514880032952322	0.004694229618241778	0.005983618847696517	0.005680601034366683	0.005770751760030466	0.005036589340206796	0.0065822409285595075	0	0.001795950132451322	0.0019198547891650375	0.00040738728951656713	0.011075709300561372	0.002726529128419522	0.001271132579128003	0.0043729827659461182	0.0047570126853671586
IGHV4-30-2	0.0028606174511483923	0.0020560822432897307	0.005795064042486723	0.0032755642903936626	0.0153518377323189	0.0029376761913799173	0.006321938836394409	0.002775227888905492	0.0029849729103485875	0.00521745100058353	0.004764643062515405	0.0027176968924541743	0.005271291734247331	0.004799195414644626	0.0031799642500913495	0.0076391077818775115	0.0015956141068652321	0.0001795950132451322	0.0026354370287629152	0.0013851167843563282	0.005188893946290396	0.00490775243115514	0.00406762425320961	0.0042568854472593261	0.0032755642903936626
IGHV1-69-2	0.0008291644785937369	0.0050402016080643205	0.0014058106841611997	0.003238341968911916	0.0024333663189656583	0.0018978258033140786	0.0008949977760661326	0.002401639519245137	0.0044979043854567755	0.002746026842412384	0.0025524873549189675	0.006466244330322	0.0041887260152400786	0.0029293156142286628	0.0026664296506977154	0.006118702834998979	0.004909581867277637	0.000897975066225661	0.0031415805640882433	0.0069255839217816405	0.007737824305871643	0.012723802599291102	0.0006355662895640015	0.0037947434695520719	0.0029293156142286628
IGHV4-30-4	0.0039385312733202504	0.0014400576023040916	0.006232427366447985	0.0013400035733428619	0.004261094798544309	0.0016368747553583928	0.007328133305850576	0.002588433704075314	0.006113060960234435	0.0035698348951360994	0.0002464470549576934	0.0006747385388162088	0.0030985096551090995	0.0035151787370743958	0.0035552395342636207	0.0008343685684089517	0.0073643728009164565	0.0031728452339973355	0.0026179838034068696	0.0034627919608908203	0.007282658170232135	0.006058953618710049	0.005720096606076013	0.0037414189790206075	0.0035151787370743958
IGHV3-43	0.0008291644785937369	0.005200208008320331	0.007029053420805998	0.006402239294860341	0.008435669905747616	0.0032025810430925073	0.0031460527885961024	0.004429690668829919	0.0028623027907452208	0.002059520131809288	0.003168604992313201	0.002905124264347565	0.0029646234354438914	0.0017575893685371979	0.0037033745148579386	0.0033374742736358067	0.004909581867277637	0.0011973000883008812	0.0013089919017034348	0.005499728408473656	0.0009103322712790169	0.005453058256839044	0.0004237108597093343	0.0035276511753965069	0.003168604992313201
IGHV7-4-1	0.004974986871562422	0.000960038401536061	0	0.00960335894229051	0.0018709883252491506	0.0016605975778998187	0.007648162813656043	0.0016010930128300912	0.0057246055814904415	0.004119040263618576	0.0015843024961566005	0.0022491284627206955	0.008262692413624265	0.002196986710671497	0.0017776197671318104	0.0007416609496968459	0.0073643728009164565	0.002469431432120568	0.0020943870427254955	0.0006110809342748507	0.0004551661356395084	0.010906116513678088	0.001271132579128003	0.0034846500012442523	0.0020943870427254955
IGHV3-64	0.0012437467178906055	0.0032801312052482086	0.006872852233676976	0.004824012864034304	0.0026469618069637556	0.0027834778448606484	0.00464042786317925	0.0021347906837734546	0.0019354618870753397	0.002631609057311868	0.0058325803006654105	0.0039687745998425615	0.0025973926615050352	0.003280833487936103	0.0044440494178295264	0.0029666437987873836	0.009164552818918257	0.0013768951015460135	0.0010471935213627478	0.0017925040738728953	0.002913063268092854	0	0.0040252531672386755	0.0033218786252874719	0.0029130632680928539
IGHV3-64D	0.004145822392968685	0.0031201248049921985	0.0009372071227741331	0.004615567863736524	0.0004866732637931317	0.0028467387049711176	0.0011716334523047555	0.0006404372051320365	0.0016356015947115547	0.006521813750729412	0.001760336106840667	0.004919968512201522	0.004292009670410382	0.0025485045843789368	0.0035552395342636207	0.001112491424545269	0.0008182636445462729	0.005687175419429186	0.0013962580284836636	0.003259098316132537	0.005461993627674101	0	0.002754120588110673	0.0027690034614404517	0.0027541205881106731
IGHV3-69-1	0.0015477736933749754	0.002136085443417736	0.0039362699156513595	0.0024715621463879452	0.0009273829415613565	0.0017515350643086186	0.002842295967628203	0.0008485792967999484	0.002248952192728388	0.0026773761713520744	0.001865956273251107	0.0028723244742662225	0.0010787403984453903	0.002192104517981116	0.0029626996118863507	0.0020766506591511687	0.0027002700270027003	0.0013020638460272084	0.0010471935213627478	0.0015888104291146116	0.0015020482476103777	0	0.002160925384517605	0.001945113053209879	0.0020766506591511687
IGHV1/OR15-1	0.001865620076835908	0.000960038401536061	0.00031240237425804435	0.0026800071466857238	0.0045558024971745935	0.0017080432229826708	0.0015567537074604855	0.0019479964989432776	0.001669676627934712	0.00171626677650774	0.002493809484690945	0.0014994189751471303	0.0027045016372372016	0.0006835069766533547	0.0021726463820499905	0.002085921421022379	0.0024547909336388187	0.00022449376655641525	0.0034906450712091593	0.0012900597501357958	0.00030344409042633893	0.0024235814474840196	0.001271132579128003	0.0018291547758999464	0.00171626677650774
IGHV3-20	0.0008291644785937369	0.0004800192007680305	0	0.0018760050026800066	0.002108917476436904	0.001233586772154151	0.0009763612102539629	0	0.0004089003986778887	0.000686506710603096	0.0002464470549576934	0.0022491284627206955	0.0005737980842794629	0.003954576079208695	0.0007110479068527241	0.0005562457122726345	0	0	0.0018325886623848087	0.0028517110266159697	0.0006827492034592626	0	0.013346892080844032	0.0015480280662505982	0.00068650671060309604
IGHV2-26	0.0016583289571874737	0.0014400576023040916	0.0018744142455482662	0.0017866714311238158	0.0016492816161878352	0.0007116846762427794	0.001741177491619567	0.0019213116153961095	0.0016356015947115547	0.001373013421206192	0.002464470549576934	0.0015462758181204782	0.0029263702298252606	0.001025260464980032	0.001629484786537493	0.0008343685684089517	0.0024547909336388187	0.0022449376655641526	0	0.00027159152634437803	0.0018206645425580337	0	0	0.0014352068581340094	0.0016356015947115547
IGHV3-13	0.0008291644785937369	0.0003360134405376213	0.0028116213683223993	0.0023226728604609607	0.001403241243936863	0.0010556656030934562	0.0014564054719621612	0.0005443716243622311	0.00253518247180291	0.001029760065904644	8.801680534203336e-05	0.0007028526446002174	0.0007459375095633017	0.0009520275746243155	0.0013332148253488577	0.0005562457122726345	0.0036821864004582283	0.0033674064983462287	0.00026179838034068694	0.0016295491580662685	0.00030344409042633893	0.0004544215214032537	0.0023304097284013387	0.0013361569338335084	0.0010297600659046439
IGHV3-NL1	0.0016583289571874737	0	0	0.0008933357155619079	0.0025955907402300357	0.0021350540287283382	0.0016272686837566048	0.001280874410264073	0.0020445019933894434	0.000686506710603096	0.0021124033282088005	0.0011245642313603478	0.0012241025797961873	0.0008787946842685989	0.002518294670103398	0.001223740566999796	0	0.003591900264902644	0.0010471935213627478	0.0008147745790331343	0.0004551661356395084	0	0.002542265158256006	0.0013241156938979192	0.0012237405669997959
IGHV4/OR15-8	0.0008291644785937369	0.0036801472058882335	0.0009372071227741331	0.00044666785778095394	0.0012572392647989235	0.0003756113569059114	0.0017899955521322652	0.0010673953418867275	0.0009541009302484068	0.0018535681186283594	7.04134442736267e-05	0.0006185103272481914	0.0013771154022707108	0.0007323289035571657	0.0005925399223772702	0.0001112491424545269	0.0024547909336388187	0	0	0.003259098316132537	0.0009103322712790169	0.001514738404677512	0	0.0010796614911976969	0.00091033227127901685
IGHV3-43D	0.0008291644785937369	0.0025601024040961626	0.00046860356138706655	0.0005955571437079386	0.00016222442126437723	0.00047445645082851964	0.0002983325920220442	0.0012275046431697366	0.001226701196033666	0.000686506710603096	0.0010562016641044003	0.0024834126775874345	0.0018744070753129117	0.0008787946842685989	0.00014813498059431754	0.0005562457122726345	0	0.0065851504856548485	0.0010471935213627478	0	0.0009103322712790169	0	0.0004237108597093343	0.0010649016319066343	0.00068650671060309604
IGHV1-58	0	0.001680067202688107	0.0014058106841611997	0	0.00040556105316094307	0.00011861411270712991	0.0008949977760661326	0.0011207651089810639	0.003475653388762054	0.000343253355301548	0.0010562016641044003	0.0008434231735202609	0.0003442788505676777	0.0002929315614228663	0	0.002503105705226855	0.0024547909336388187	0	0.0015707902820441216	0.0008147745790331343	0.0009103322712790169	0	0.0006355662895640015	0.00090743121705344921	0.00081477457903313425
IGHV7-81	0	0.0004800192007680305	0	0.00044666785778095394	0.002790260045747288	0.0009489129016570393	0.00016272686837566047	0.00032021860256601823	0.0008178007973557774	0.001373013421206192	0.0010562016641044003	0.0005622821156801739	0.0004590384674235703	0.0014646578071143314	0.0017776197671318104	0.001112491424545269	0	0.000897975066225661	0.0031415805640882433	0	0	0	0	0.00077441159007697483	0.0004800192007680305
IGHV2-70D	0.00041458223929686844	0.0004800192007680305	0.001015307716338644	0.001317670180453814	5.407480708812574e-05	0.00011861411270712991	0.0002576508749281291	0.00026684883547168183	0.0005452005315705182	0	0.00011735574045604446	0.0011479926528470217	5.7379808427946284e-05	0.0008787946842685989	0.0004444049417829526	0.001019783805833163	0	0.0004489875331128305	0.0008726612678022897	0	0.0015172204521316946	0.0009088430428065074	0	0.00051666923600399964	0.00044440494178295259
IGHV3-71	0	0.00016000640025601017	0.0009372071227741331	0.0005657792865225417	0.0007543435588793541	0.0002925814780109204	0.00029019624860326113	0.0002134790683773455	0.0002998602923637851	0.000228835570201032	0.0008332257572379158	0.00022022716197473476	0.00030220032438718375	0.0001952877076152442	0.00011850798447545403	0.00018541523742421148	0.0004909581867277638	0	0.0006981290142418318	0	0.0018206645425580337	0	0	0.00037421325837525032	0.00022883557020103199
IGHV4-28	0.0001658328957187474	0.00024000960038401525	0	0.00031266750044666776	0.0006894537903736032	0.0004981792733699457	0.00047190791828941535	0.00035224046282262005	0.0004089003986778887	0.0001373013421206192	0.0003520672213681334	0.00014057052892004347	0.0005049423141659273	5.858631228457326e-05	0.0005925399223772702	0.0001112491424545269	0	0	0.0015707902820441216	0.00016295491580662686	0	0	0.0005084530316512013	0.00031646290666417158	0.00024000960038401525
IGHV4-55	0.000538956911085929	0.0003360134405376213	0	0.00033500089333571547	0.000348782505718411	0.00033211951557996373	0.00034986276700767	0.0010086885980829575	0	0.0001373013421206192	0	0.00014057052892004347	0.000447562505737981	0.0006298028570591625	0.00014813498059431754	0.0001112491424545269	0	0.0001795950132451322	0.00020943870427254956	0.0003666485605649104	0	0.000363537217122603	0.00025422651582560063	0.00027119530431590056	0.00025422651582560063
IGHV2/OR16-5	0.0008291644785937369	0	0	0.00044666785778095394	0	0	0	0	0.0004089003986778887	0.000686506710603096	0	0	0	0	0	0	0	0	0	0	0	0.0018176860856130147	0.001271132579128003	0.00023739383088681274	0.0
IGHV5-78	0.0008291644785937369	0.0004800192007680305	0.0009372071227741331	0.00044666785778095394	0.00032444884252875447	0.00023722822541425982	0.00032545373675132094	0	0	0	0.0007041344427362668	0.00028114105784008694	0.00022951923371178514	0	0	0	0	0	0	0	0	0	0	0.00020847757386518821	0.0
IGHV1-45	0	0	0	0	0	0.00047445645082851964	0.00016272686837566047	0.0006404372051320365	0.0004089003986778887	0	0.0003520672213681334	0	0	0.0005858631228457326	0	0	0	0	0.0010471935213627478	0	0	0	0	0.00015963672993872692	0.0
IGHV3-25	0	0	0	0	4.055610531609431e-05	0	0	0	0	0.000171626677650774	8.801680534203336e-05	0	0	0	0	0	0.0024547909336388187	0	0	0.0008147745790331343	0	0	0	0.00015520717830351543	0.0
IGHV1/OR15-3	0	0.0003360134405376213	0	0	0.00021629922835250296	4.744564508285197e-05	0.00019527224205079257	0.0005070127873961955	0	0	0.0001760336106840667	0.0005622821156801739	0.00022951923371178514	9.76438538076221e-05	0	0	0	0	0.0005235967606813739	0.00040738728951656713	0	0	0.00025422651582560063	0.00015446664014465885	4.7445645082851967e-05
IGHV3-47	0	0	0	8.93335715561908e-05	0	0	0.00028477201965740583	0	0	0.0001373013421206192	0.00015843024961566005	7.028526446002173e-05	0.00010328365517030331	5.858631228457326e-05	0.00011850798447545403	0	0.0004909581867277638	0.0001795950132451322	0.0010471935213627478	0.00016295491580662686	0.00018206645425580337	0	0	0.00013405515177123054	7.0285264460021735e-05
IGHV3/OR16-10	0	0	0	0.00044666785778095394	0	0	0.00016272686837566047	0.00032021860256601823	0.0004089003986778887	0	0.0003520672213681334	0	0.00022951923371178514	0	0	0.001112491424545269	0	0	0	0	0	0	0	0.00013185180900111777	0.0
IGHV1/OR15-2	0	0	0	8.93335715561908e-05	0	4.744564508285197e-05	0	0	0	0	0	5.6228211568017396e-05	5.7379808427946284e-05	0	0.00023701596895090807	0.0001112491424545269	0.0012273954668194093	0	0.0005235967606813739	0	0	0	0.0006355662895640015	0.00012979177674370549	0.0
IGHV3-19	0.00020729111964843422	0	0.00023430178069353328	0.00022333392889047697	4.055610531609431e-05	5.9307056353564955e-05	8.136343418783023e-05	0.00024016395192451369	8.178007973557774e-05	0.000343253355301548	0.0001760336106840667	0.00014057052892004347	5.7379808427946284e-05	0.00014646578071143314	0.00014813498059431754	0	0	0	0	0.00040738728951656713	0	0	0.00031778314478200076	0.0001263089545951282	8.1780079735577739e-05
IGHV3-62	0.00020729111964843422	0	0.00023430178069353328	0.00022333392889047697	4.055610531609431e-05	5.9307056353564955e-05	8.136343418783023e-05	0.00016010930128300911	8.178007973557774e-05	0.000343253355301548	0.0001760336106840667	0.00014057052892004347	5.7379808427946284e-05	0.00014646578071143314	0.00014813498059431754	0	0	0	0	0.00040738728951656713	0	0	0.00031778314478200076	0.00012282831761071497	8.1780079735577739e-05
IGHV3-35	0	0	0	0.00044666785778095394	0.00016222442126437723	0.00023722822541425982	0.00048818060512698146	8.005465064150456e-05	0	0	0	0.00028114105784008694	0	0.0002929315614228663	0.00014813498059431754	0	0	0	0	0	0	0	0.0004237108597093343	0.00011131627042585576	0.0
IGHV3/OR16-9	0	0	0	0	0	0	0	0	0	0.000686506710603096	0	0.00028114105784008694	0.00022951923371178514	0	0.0002962699611886351	0	0	0.000897975066225661	0	0	0	0	0	0.00010397443606822887	0.0
IGHV3/OR16-8	0	0	0	0.00044666785778095394	0	0.00047445645082851964	3.25453736751321e-05	0	0	0	0	0	4.590384674235703e-05	5.858631228457326e-05	0.0008888098835659052	0	0	0	0	0	0	0	0	8.4650857603367008e-05	0.0
IGHV1/OR21-1	0.0001658328957187474	0.00024000960038401525	0	0	0.00016763190197318978	0.0004349184132594763	3.25453736751321e-05	0	0.00013630013289262955	0	0.0002464470549576934	0	4.590384674235703e-05	0	0	0	0	0.00022449376655641525	0	0.00020369364475828356	0	0	0	8.2512027431214769e-05	0.0
IGHV7-34-1	0	0	0	0	3.244488425287545e-05	0	0	0	0	0	0	0	0	0	0	0	0	0.00022449376655641525	0.0005235967606813739	0.00020369364475828356	0	0.0009088430428065074	0	8.2307482567628513e-05	0.0
IGHV3-16	0.00041458223929686844	0	0	0	0	0	8.136343418783023e-05	8.005465064150456e-05	0	0	0	0.00028114105784008694	0	0	0	0.0002781228561363172	0	0	0	0	0	0	0.0006355662895640015	7.6992631637678655e-05	0.0
IGHV3/OR16-12	0	0	0	0	0.00032444884252875447	0	0	0.00016010930128300911	0	0	0	0	0	0	0.00014813498059431754	0.001112491424545269	0	0	0	0	0	0	0	7.5877589084841297e-05	0.0
IGHV1/OR15-9	0.0001658328957187474	0.00024000960038401525	0	0	0.00011355709488506405	0.00011861411270712991	0.00019527224205079257	0	0	0	0.0002464470549576934	0	4.590384674235703e-05	0	0	0	0	0.00022449376655641525	0	0.00020369364475828356	0	0	0	6.7557576467847758e-05	0.0
IGHV1/OR15-5	0.0001658328957187474	0	0	0	0.0001270757966570955	7.90760751380866e-05	3.25453736751321e-05	0	0.00013630013289262955	0	7.04134442736267e-05	0	4.590384674235703e-05	0	0	0	0	0.00022449376655641525	0	0.00020369364475828356	0	0	0	4.7188477235320587e-05	0.0
IGHV7-40	0	0	0	0	0	0	0	0	0	0	0	0	0	0	0	0	0	0	0	0.0008147745790331343	0	0	0	3.5424981697092796e-05	0.0
IGHV3/OR15-7	0	0	0	0	0	0.00017792116906069485	0	0	0	0	0	0	0	0	0.00011850798447545403	0	0	0.0004489875331128305	0	0	0	0	0	3.2409421158651276e-05	0.0
IGHV3-38	0	0	0	0	0	0	0.00016272686837566047	0	0	0	0	0	0	5.858631228457326e-05	0	0	0	0	0	0	0	0	0.0005084530316512013	3.172896575267109e-05	0.0
IGHV3-52	0	0	0	0.00014888928592698465	0.00010814961417625148	0	0.00016272686837566047	0	0	0	0	0	0	0	0.00019751330745909003	0	0	0	0	0	0	0	0	2.6838220692955941e-05	0.0
IGHV3-22	0	0	0	0	5.407480708812574e-05	0	8.136343418783023e-05	0	0	0	0	0	0	0	0	0	0	0	0	0	0.0004551661356395084	0	0	2.567845117023758e-05	0.0
IGHV1-NL1	0	9.60038401536061e-05	0	0.00044666785778095394	0	4.744564508285197e-05	0	0	0	0	0	0	0	0	0	0	0	0	0	0	0	0	0	2.565727578336574e-05	0.0
IGHV3/OR16-6	0	0	0	0	0	0	0	0	0	0	0	0	0	0	0.0002962699611886351	0.0002781228561363172	0	0	0	0	0	0	0	2.4973600753258795e-05	0.0
IGHV1/OR15-4	0	0	0	0	0	0.00023722822541425982	0	0	0	0	0	0	0	0	0	0	0	0	0	0	0	0	0.00025422651582560063	2.1367597445211322e-05	0.0
IGHV3/OR16-15	0	0	0	0	0	7.90760751380866e-05	0	0.00010673953418867274	0	0	0	0	0	0	0	0	0	0	0	0	0	0	0	8.0789395359460585e-06	0.0
IGHV3/OR16-16	0	0	0	0	0	7.90760751380866e-05	0	0.00010673953418867274	0	0	0	0	0	0	0	0	0	0	0	0	0	0	0	8.0789395359460585e-06	0.0
IGHV3/OR16-14	0	0	0	0	0	0	0	0	0	0	0.0001760336106840667	0	0	0	0	0	0	0	0	0	0	0	0	7.653635247133336e-06	0.0
IGHV3/OR16-13	0	0	0	0	0	0	0	0	0	0	0.0001760336106840667	0	0	0	0	0	0	0	0	0	0	0	0	7.653635247133336e-06	0.0
IGHV2-10	0	0	0	0	0	0	0.00016272686837566047	0	0	0	0	0	0	0	0	0	0	0	0	0	0	0	0	7.0750812337243684e-06	0.0
IGHV1-68	0	0	0	0	5.407480708812574e-05	0	0	0	0	0	0	0	0	0	0	0	0	0	0	0	0	0	0	2.3510785690489453e-06	0.0
