gene	IgK.C13	IgK.C15	IgK.C16	IgK.C20	IgK.C25	IgK.C26	IgK.C27	IgK.C28	IgK.C29	IgK.C32	IgK.C35	IgK.C37	IgK.C40	IgK.C41	IgK.C42	IgK.C43	IgK.C44	IgK.C46	IgK.C47	IgK.C48	IgK.C49	IgK.C50	IgK.C51	average	median
IGKV3-15	0.12871075239230798	0.130003590228982	0.12583395035645198	0.12869651927331652	0.12277845358738605	0.1297666094370114	0.13180903672226088	0.12837111102258694	0.13644491668178405	0.12246449189328408	0.13176105631562202	0.12665656022299382	0.12755175364315136	0.1253694925303362	0.12737669201221485	0.1252042979698197	0.12508775288786775	0.13860897752096402	0.11913722683579914	0.1240352463670585	0.1244734391794184	0.13197308673424385	0.12850189933523265	0.12785290926739537	0.12755175364315136
IGKV3-11	0.12777173604468847	0.12328939576912495	0.12684961563659336	0.12436225393129197	0.11350500189562658	0.11406813223131235	0.10770985715986939	0.11617137393936978	0.11576437660351935	0.1201716198983598	0.12305122494432069	0.10979643369980306	0.10578902334137394	0.11784424446794502	0.11926115831196897	0.11598217274583035	0.13477475999015343	0.12613628356000284	0.1262735323272582	0.12376185569178352	0.1288296353070445	0.12024175366670313	0.1262167616334283	0.12033140012162487	0.12024175366670313
IGKV4-1	0.12237785144324632	0.11693888684251016	0.1128086246263941	0.10317251225917207	0.11952914031590675	0.12519570581529849	0.11946173275921503	0.10775604509421184	0.1065125560421904	0.1070425720370126	0.10897231944002546	0.12314449695250713	0.1115663284595843	0.12998155744130163	0.10788628627927935	0.12267723874474076	0.12016447398411785	0.09935874850257208	0.10192371762441231	0.10548674055224914	0.08784247036738752	0.09505025950061567	0.1159188034188034	0.11177256819577192	0.11156632845958429
IGKV1-5	0.09557876163397581	0.1129290207067622	0.10406304877906952	0.10124617210716115	0.11034174774443699	0.09868334448984846	0.12815707609156643	0.10338073802599954	0.12066239925363467	0.09652677006577089	0.10582246261533568	0.12937285219548414	0.11006728028884316	0.10222365379298155	0.1022863492785706	0.111256243805423	0.10491598515722582	0.09689239658938766	0.10251601041448151	0.10350991566949168	0.10158469732670274	0.1086409647566057	0.09449192782526114	0.10631086167887042	0.10350991566949168
IGKV3-20	0.10573760825984987	0.11819779830373336	0.09195259711814667	0.09948980314503357	0.12686044699572263	0.1040048621866956	0.10637275486945494	0.10490114063392159	0.0974862000155493	0.1009177769820779	0.10633418177961607	0.0878460382592614	0.10842672904593766	0.10649366197383835	0.10009887388766876	0.10702259912964142	0.08241933572203532	0.09971108449016985	0.10562554756234496	0.08126012071249815	0.09008793228884425	0.10013089697949046	0.08840811965811965	0.10086026565215878	0.10091777698207791
IGKV1-39	0.0618877285849679	0.05660438940462813	0.0677123108711074	0.06562870926711253	0.056136131572765306	0.0616315773258533	0.06371083491591924	0.06413908032240503	0.059654806022753776	0.06398683326109215	0.06427510870717998	0.06378840485642774	0.05849604344144313	0.06638751036859462	0.07150857052858155	0.058565418014978575	0.07157900495063046	0.05461207807765486	0.05554801479086717	0.0621395974848058	0.05371743705970236	0.05320556470932756	0.059983380816714144	0.061517327624152719	0.061887728584967903
IGKV1D-39	0.060577473216196526	0.05520559889215791	0.06701452556414005	0.06494882450757927	0.05557791025196714	0.06079133768950902	0.06308406821728747	0.06320957654463612	0.05872184932749372	0.06342146756371357	0.06363877399512143	0.06282814451918074	0.05730211127005638	0.0655323685433229	0.07072107938785688	0.057974676897427656	0.07103197396132492	0.05461207807765486	0.05554801479086717	0.06113015499148284	0.05317852619855275	0.05278217825275466	0.059449192782526104	0.060794865454035216	0.06079133768950902
IGKV1-9	0.040443215716076404	0.039329326575620945	0.03963808202078624	0.046161342319143574	0.0330397244247413	0.040233474586952186	0.032863467231592385	0.042325618451977846	0.03576333998496904	0.03689011175395285	0.04000954502068088	0.028985636105788682	0.04033943049435425	0.039279514507481066	0.033468373480798334	0.03885763795446042	0.042736796039495636	0.06365536842599771	0.03327533799763904	0.035582847889634284	0.04424158775115492	0.03849288534341934	0.05138592117758784	0.039869503706708928	0.039329326575620945
IGKV3D-20	0.024370749859147556	0.01799777126045013	0.02112738846095697	0.02368265245707519	0.020077360171373945	0.02282651012068641	0.02265761615553842	0.02386832915056633	0.02206701738927619	0.02182939775989547	0.022709195036589247	0.023650856454416534	0.022043525460603557	0.022205182729555694	0.02471847191719093	0.021036947575007712	0.022428270561527307	0.025015855119441904	0.01748086359579307	0.022333915164770454	0.02547850793546243	0.02346266613508145	0.021233974358974356	0.022361001079538315	0.022428270561527307
IGKV3D-15	0.026270620143866046	0.01860391381585389	0.01868513988657112	0.022696819555751965	0.02013550822562375	0.02331664990855391	0.021184714413753775	0.021893133622807363	0.023608987482831013	0.02437354339809911	0.02785290062572913	0.022783954761068564	0.028243128809804393	0.024097896636157103	0.023121614881832574	0.02254661931986006	0.012946400080231213	0.012331759565922066	0.019558001505410837	0.025698723475846983	0.025328810474031987	0.022739380938436082	0.01976495726495726	0.022077529512739141	0.022739380938436082
IGKV1-33	0.019391779457816335	0.019722946225830065	0.021418132338860047	0.017648675216217515	0.01283909037835776	0.015838517145089773	0.018332925934979222	0.014390710273672468	0.01913856998470988	0.021154099843582155	0.019660091207975395	0.01850946256540662	0.020562165173882953	0.01847106342586918	0.02040914539711428	0.016737664997276025	0.025117839592279565	0.025074577784041537	0.017201169778260382	0.02510988202140859	0.023532440936866593	0.022121942355933937	0.01976495726495726	0.019658602143495109	0.019660091207975395
IGKV1D-33	0.019391779457816335	0.019722946225830065	0.021418132338860047	0.017648675216217515	0.01283909037835776	0.015838517145089773	0.018332925934979222	0.014390710273672468	0.01913856998470988	0.021154099843582155	0.019660091207975395	0.01850946256540662	0.020562165173882953	0.01847106342586918	0.02040914539711428	0.016737664997276025	0.025117839592279565	0.025074577784041537	0.017201169778260382	0.02510988202140859	0.023532440936866593	0.022121942355933937	0.01976495726495726	0.019658602143495109	0.019660091207975395
IGKV2D-28	0.016771268720273586	0.01921005637125765	0.019111564240828962	0.019660000963170075	0.02332899936502325	0.01963359950257813	0.018176234260321278	0.01941998964267219	0.019462513281675177	0.01818592993234457	0.018904443737405876	0.018404989797233918	0.019744100537932775	0.013967316479438113	0.018462292299211633	0.022907627780585624	0.018052022647082954	0.019378479317877534	0.02147061364000937	0.017791423944817142	0.019849883385677548	0.02127516944278814	0.021189458689458686	0.019319912086072356	0.019378479317877534
IGKV2-28	0.016771268720273586	0.01921005637125765	0.019111564240828962	0.019660000963170075	0.02332899936502325	0.01963359950257813	0.018176234260321278	0.01941998964267219	0.019462513281675177	0.01818592993234457	0.018904443737405876	0.018404989797233918	0.019744100537932775	0.013967316479438113	0.018462292299211633	0.022907627780585624	0.018052022647082954	0.019378479317877534	0.02147061364000937	0.017791423944817142	0.019849883385677548	0.02127516944278814	0.021189458689458686	0.019319912086072356	0.019378479317877534
IGKV2-30	0.011311871350392862	0.013661520671792455	0.015738935257153266	0.01878181648210628	0.016630343515445286	0.019073439745015273	0.010529680537013707	0.022573663174388185	0.013403477855236223	0.02104416762464743	0.0175257185279457	0.01415939432468358	0.021645548070141303	0.015250029217345695	0.018418542791393593	0.015031079546573374	0.014587493048147843	0.013623658187113903	0.03068405704108619	0.016285672225610396	0.01625714431134677	0.02169855589936104	0.017746913580246913	0.01720272708626901	0.016285672225610396
IGKV1-16	0.014788415595532909	0.011376829501424433	0.012583395035645198	0.012762003507072218	0.02690859358464147	0.016393075305077005	0.01274216698318385	0.015582466903026199	0.0158654469121725	0.016518101125077737	0.012069148372043696	0.012356683367490743	0.0134361588991061	0.014015774516203512	0.016861060313071476	0.011493196631462872	0.01046196767046853	0.01746412045192963	0.013075685969653217	0.013068074278143466	0.016817012817096647	0.01136792635898232	0.014939458689458687	0.014475946208172363	0.0134361588991061
IGKV1-27	0.011006145097679542	0.012868872714725999	0.011707286816897257	0.013300245608369381	0.011583092406561891	0.015404393332978559	0.013036747331540779	0.00896307214277178	0.011195480343120743	0.013191866272167046	0.008471205854279351	0.01544863274043185	0.01817430083110945	0.013853297569401886	0.012337361204686446	0.012799390880269903	0.009846557807499793	0.015502783454302026	0.010118335163682577	0.025236062333073957	0.01634696278820504	0.013124980153759848	0.014957264957264954	0.013411927730642609	0.013036747331540779
IGKV1-17	0.013373339797259822	0.01219279063369873	0.013226908152070675	0.01645887688703431	0.013092615894886925	0.011315227102769708	0.010299866080848723	0.014971650134778048	0.010915593334542725	0.01240663613691901	0.01185173401209036	0.01242559093798763	0.012724221567279181	0.011986237917558628	0.008268656977609002	0.008483698827050691	0.011382803169132863	0.014563220820707965	0.009028351904180184	0.014868246724569408	0.015799070079369593	0.011184458894467397	0.014912749287749282	0.012423154142372212	0.01240663613691901
IGKV1-12	0.012906015382398038	0.013265196693259235	0.009931810869169133	0.013291747048875206	0.010117761439466716	0.011441263048221361	0.010070051624683737	0.011764862101475265	0.013395703216109046	0.011423528007588472	0.013169477144978261	0.01091407003676552	0.009788032819868802	0.011986237917558634	0.014459212333861255	0.013931644688909171	0.01136001021124513	0.011333474267728374	0.010323992382456616	0.01719837647998992	0.009862068759037997	0.01007306944596355	0.01283831908831909	0.011949822826431675	0.011441263048221361
IGKV1-8	0.0052410214750854955	0.007926479570664564	0.014420896343992648	0.010311585519587762	0.00709406261847666	0.010004453270072622	0.009217648914544537	0.008803728638011392	0.007722808199652736	0.01112514055619421	0.007429207763283488	0.009158038401522189	0.007992712591783536	0.0076962764274454915	0.008662402547971335	0.0074827208223116354	0.013493431069536753	0.009160735677542105	0.012216038795177747	0.014708418329793273	0.013802105943887406	0.01016127495774956	0.012553418803418802	0.0098428090103350411	0.0091607356775421055
IGKV1D-12	0.00871319820232963	0.008509308950860483	0.010552064475362371	0.010827164795567166	0.0073731732788757465	0.011553294999733933	0.00693621813152491	0.008777171387218001	0.006398528001658594	0.009538975682993176	0.00921889914094815	0.00726863727499456	0.007753926157506195	0.011416143367377491	0.010784253677146131	0.009074439944601616	0.008077824275411866	0.009924130317337283	0.010735306820004686	0.016062753675001602	0.011299164388770313	0.009437989761104196	0.010078347578347586	0.0095787354036815497	0.0094379897611041961
IGKV1-6	0.007730506675751106	0.006993952562351087	0.009420101644059714	0.007960317392868576	0.01686293573244452	0.008738492217980565	0.007771907063033926	0.009709994821336094	0.009148158706300051	0.007198989879954017	0.006920139993636653	0.009980483597775399	0.009518292588555497	0.012884136834093934	0.005643686508526778	0.010534883262991382	0.005880583135034599	0.00951307166513988	0.008637603188509518	0.007823179323252927	0.007993844440385981	0.004657251022301882	0.009348290598290596	0.0087335131675902039	0.0086376031885095177
IGKV2D-29	0.006158200233225457	0.004755887742398739	0.008954911439414789	0.00552406367120773	0.008757096970021189	0.005377533672603425	0.003677031298639707	0.006074971118989762	0.0046181356415373066	0.010741948250193166	0.00506416375013257	0.0043789649638346405	0.005704342596625594	0.0070178639127299255	0.008189907863536534	0.005119756352107961	0.005607067640381827	0.0070467197519554665	0.006622162444523964	0.0045004311160648566	0.007275296625519825	0.009526195272890213	0.007092830009496674	0.0064254557538274484	0.0060749711189897618
IGKV1-NL1	0.0006114525054266413	0.001119032409976174	0.0009303804092898482	0.0011897983291832034	0.0012141313727360055	0.0011763354908819993	0.000908811713016064	0.011857812479252147	0.0010107030865317338	0.0005653656973785877	0.0006363347120585428	0.013748171726556978	0.001370811011592197	0.000912151280289836	0.0014437337579952224	0.0005907411175509186	0.005743825387708213	0.00422803185117328	0.027278373498188152	0.00580429433660701	0.02510426428188631	0.01954634141178214	0.0059650997150997144	0.0057806955470504741	0.0012141313727360055
IGKV1D-13	0.00965221454994912	0.009465149134381803	0.0037215216371593927	0.004504236531907841	0.0043773855239255975	0.0032125162096229834	0.013009587441266728	0.004312233597577978	0.014227589602715942	0.004937527090439665	0.005705801251458266	0.009253619870275944	0.007163593028320518	0.002223368745706475	0.0028612178112996226	0.01177215771475081	0.0011943509933171048	0.0012918986211918355	0.004244764995496106	0.0018716746230363185	0.0017484663495076454	0.002399189920579757	0.0008665716999050331	0.0053920276932083689	0.0043122335975779779
IGKV1D-8	0.004804269685495038	0.003730108033253913	0.005349687353416627	0.004475908000260623	0.00213984839639296	0.005047039415641339	0.003468109065762451	0.004023423495199776	0.003835488636069143	0.0067906702096250365	0.003658924594336621	0.0023561943460226995	0.0029406107184155195	0.002052340380652131	0.005512437985072668	0.003872636215056021	0.005470309893055441	0.006576938435158435	0.00518256191310571	0.005446783453555129	0.005359169119210076	0.006350796848593475	0.00566832858499525	0.0045266341207976556	0.0048042696854950382
IGKV3D-11	0.0038434157483960307	0.006434436357362999	0.0036129772560755773	0.004192622683788431	0.003465624033288597	0.004285222145355854	0.003520339623981765	0.0036184254206004596	0.0027729546220229616	0.003926150676240192	0.004096404708876869	0.002867444062612531	0.003077691819574739	0.0038766429412318035	0.006453052403160463	0.0036429035582306647	0.0022565028308853693	0.00211401592558664	0.0034961727191586143	0.0022922756619208847	0.005389108611496166	0.0037046314950128605	0.0032941595441595434	0.003749268471696523	0.0036184254206004596
IGKV1D-16	0.002485117682769706	0.0017718013157956088	0.0031477870514306527	0.0035977235191968293	0.0034167796677187583	0.004626919597469197	0.003844169084941512	0.0032267059713978405	0.004384896467722291	0.004818172109881964	0.0026381376604093757	0.0035098404456319265	0.003917866310550602	0.0026936967496059222	0.0021087262768293854	0.003757769886643343	0.002233709872997638	0.004545134240011276	0.0039280528785840905	0.005888414544383923	0.003119695096210558	0.005574588344876495	0.003979700854700854	0.0036180611143373804	0.0035977235191968293
IGKV1-13	0.006769652738652095	0.006667568109441368	0.002186393961831143	0.002634553443191379	0.0024236109011320267	0.002237838231463613	0.010001107287834246	0.003156993188065172	0.009096327778785607	0.002487609068465786	0.0041149644713119075	0.006319491062021261	0.005173706076009262	0.0015392552854890983	0.0012862355298502892	0.00744005618604407	0.0003738045093587884	0.0005872266459962888	0.0010365123826211419	0.0009127042543795082	0.0008502815809249509	0.0009173373225746131	0.0005104463437796769	0.0034227685373575344	0.0024236109011320267
IGKV2-29	0.0005241021475085496	0.0002797581024940435	0.0008140828581286171	0.0009348415443582312	0.0012211091392459825	0.0008402396363442851	0.0002298144561649817	0.0051786639047125835	0.0009329566952600618	0.0014134142434464691	0.0012461554777813129	0.0009113581904427422	0.0007296252158474597	0.000684113460217377	0.0003149964562898667	0.0008861116763263779	0.0019146084625694044	0.0007046719751955466	0.01542429140805271	0.0015982839477613506	0.002784372782606353	0.012172360626470827	0.0016915954415954414	0.0023231099064704597	0.00093295669526006185
IGKV2-24	0.0018343575162799235	0.0008392743074821303	0.0034889265348369307	0.0016997118988331477	0.001721182405794337	0.0013443834181508562	0.00137888673698989	0.001892204119029598	0.002047321636820691	0.002512736432793723	0.001590836780146357	0.0013336949128430376	0.0033828078189291314	0.0007411229152354919	0.0026249704690822226	0.0026583350289791337	0.0032821859358332646	0.0014093439503910933	0.0012339433126442169	0.003911589661626464	0.0033232836437559693	0.0009526195272890213	0.0019883665716999045	0.002051829805889849	0.0018343575162799235
IGKV6D-21	0.001528631263566603	0.0025178229224463913	0.0020933559209021587	0.0011897983291832032	0.0011629610849961736	0.002996854702961284	0.0011908567274003595	0.0009627003412606728	0.0012180267965895251	0.0025127364327937234	0.0010605578534309047	0.0014670644041273413	0.0023436446327221435	0.001909816743106844	0.0016187317892673704	0.0014243424723172147	0.0015499211363657083	0.0014093439503910933	0.001809783525211518	0.0013879834283190677	0.0005389108611496167	0.0013054415744331031	0.0011574074074074071	0.0015807258391456274	0.0014243424723172147
IGKV6-21	0.0012665801898123284	0.001958306717458304	0.0009303804092898482	0.0010198271392998885	0.001023405754796633	0.0021566150666169986	0.0009401500479476521	0.0013610591031616407	0.0007515484489594943	0.0011935498055770184	0.0010605578534309045	0.00106695593027443	0.0019456672422598926	0.0015677600129981556	0.0010937376954509262	0.0012274287664669086	0.0015499211363657083	0.0007046719751955466	0.002796938175326891	0.0011356228049883281	0.0023352803983150055	0.001940521259292451	0.0011574074074074071	0.0013992997104648852	0.0011935498055770184
IGKV1-37	0.0006551276843856869	0.000979153358729152	0.0009303804092898482	0.00097733434182906	0.000488443655698393	0.0005881677454409996	0.00037606001917906096	0.00099589690475242	0.0010107030865317338	0.0024970318300887623	0.001034043907095132	0.001000271184632278	0.0005306365206163344	0.000684113460217377	0.0013124852345411113	0.0004922842646257655	0.0012308197259374742	0.0017616799379888666	0.0008637603188509517	0.0016403440516498072	0.0017065510603071195	0.0010584661414322458	0.0012464387464387462	0.0010460953734894925	0.00099589690475241992
IGKV1D-37	0.0006551276843856869	0.000979153358729152	0.0009303804092898482	0.00097733434182906	0.000488443655698393	0.0005881677454409996	0.00037606001917906096	0.00099589690475242	0.0010107030865317338	0.0024970318300887623	0.001034043907095132	0.001000271184632278	0.0005306365206163344	0.000684113460217377	0.0013124852345411113	0.0004922842646257655	0.0012308197259374742	0.0017616799379888666	0.0008637603188509517	0.0016403440516498072	0.0017065510603071195	0.0010584661414322458	0.0012464387464387462	0.0010460953734894925	0.00099589690475241992
IGKV3/OR2-268	0.0008298284002218701	0.000979153358729152	0.0006590194565803092	0.0010538213772765515	0.0012559979717958678	0.001470419363602499	0.001337102290414439	0.0009129054960230517	0.002163941223728199	0.0016960970921357631	0.0009412450949199279	0.0002889672311159914	0.0007274142303448916	0.0015164515034818524	0.001006238679814852	0.0011224081233467454	0.00022792957887731003	0.0003523359875977733	0.00037018299379326506	0.0007991419738806754	0.001302367914444907	0.0013054415744331031	0.0008161206077872742	0.0010058491967107075	0.00097915335872915204
IGKV2-40	0.0010482042950170991	0.0008392743074821303	0.0005814877558061552	0.0009348415443582312	0.0007675543160974747	0.0011483275030038564	0.0006685511452072194	0.0009295037777689254	0.0006738020576878224	0.0010679129839373323	0.0005567928730512249	0.0008002169477058225	0.0017245686920030865	0.0009748616808097623	0.0017062308049034447	0.0005907411175509186	0.0008205464839583161	0.0007046719751955466	0.0006169716563221084	0.00037854093499610936	0.0009880032454409639	0.0010584661414322458	0.0008903133903133902	0.00089001676652387756	0.00083927430748213035
IGKV2D-40	0.0010482042950170991	0.0008392743074821303	0.0005814877558061552	0.0009348415443582312	0.0007675543160974747	0.0011483275030038564	0.0006685511452072194	0.0009295037777689254	0.0006738020576878224	0.0010679129839373323	0.0005567928730512249	0.0008002169477058225	0.0017245686920030865	0.0009406560077988934	0.0017062308049034447	0.0005907411175509186	0.0008205464839583161	0.0007046719751955466	0.0006169716563221084	0.00037854093499610936	0.0009880032454409639	0.0010584661414322458	0.0008903133903133902	0.00088852956334949194	0.00083927430748213035
IGKV2D-30	0.0008298284002218701	0.000512889854572413	0.0012017413619993874	0.000679884759533259	0.0004419252122985461	0.0010923115272475706	0.0009401500479476523	0.0008631106507854306	0.0007308160779537152	0.0014448234488563907	0.001299183370452858	0.0005557062136845989	0.001149712461335391	0.0012257032828894671	0.00043749507818037037	0.0014440338429022453	0.000638202820856468	0.00023489065839851553	0.0013162062001538311	0.0005131332674391705	0.0003592739074330778	0.00021169322828644917	0.0005935422602089267	0.00081375034494076532	0.00073081607795371522
IGKV3D-7	0.0008298284002218701	0.0006993952562351087	0.0006590194565803092	0.0010198271392998885	0.0008373319811972452	0.000630179727258214	0.0007103355917826706	0.0007137261150725677	0.0020084484411848555	0.0005653656973785877	0.0007026195778979744	0.0002889672311159914	0.0004355641440059078	0.0014822458304709837	0.0007437416329066298	0.0008861116763263779	0.00022792957887731003	0.0003523359875977733	0.00037018299379326506	0.0007991419738806754	0.001302367914444907	0.0013054415744331031	0.0006380579297245963	0.00079165938485594822	0.00071033559178267059
IGKV1D-43	0.0002620510737542748	0	0.0006977853069673861	0.0005099135696499443	0.0003767993915387603	0.00033609585453771404	0.00040739835411064934	0.000597538142851452	0.0005442247389017028	0.0020730075570548215	0.0007954183900731785	0.0009447005632638182	0.0001326591301540836	0.000684113460217377	0.001181236711087	0.00039382741170061237	0.0008205464839583161	0.0007046719751955466	0.0007403659875865301	0.0002523606233307396	0.00044909238429134723	0.0014818525980051442	0.0016915954415954414	0.00069901109347068858	0.00059753814285145202
IGKV5-2	0	0.0002797581024940435	0.0009303804092898482	0.0008498559494165738	0.0008373319811972452	0.0006721917090754281	0.00037606001917906096	0.00019917938095048398	0.0015549278254334364	0.0013191866272167045	0.0007954183900731785	0.0003334237282107594	0.0009286139110785851	0.0017102836505434426	0.001049988187632889	0.00039382741170061237	0.00027351549465277203	0	0.0002467886625288434	0.0005047212466614792	0.0008981847685826945	0.00021169322828644917	0.0008903133903133902	0.00066328887280512683	0.00067219170907542808
IGKV3-7	0.00017470071583618318	5.59516204988087e-05	0.0011242096612252334	0.0008838501873932367	9.303688679969391e-05	0.0012715626496676848	0.00043873668904223777	0.0005145467341220836	0.0007308160779537153	0.00018845523245952924	0.000782161416905292	0.00040010847385291127	0.0006610846652678499	0.0004332718581376721	0.0006124931094525186	0.0003675722509205715	0.0009573042312847022	0.0007046719751955466	0.0008637603188509517	0.00029442072721919615	0.00082333603786747	0.0005292330707161229	0.0010832146248812916	0.00060819561806741318	0.00061249310945251864
IGKV2/OR22-4	0.0005241021475085496	0.00046626350415673905	0.00015506340154830802	0.0006232276962388209	0.0006047397641980104	0.0003921118302939997	0.0002507066794527073	0.00019917938095048398	0.00036281649260113514	0.000753820929838117	0.00037119524870081667	0.00040010847385291127	4.421971005136119e-05	0.0001140189100362295	0.0006124931094525185	0.00026255160780040823	0.0008205464839583161	0	0	0.0002523606233307396	0.0003592739074330778	0.00042338645657289835	0.0005341880341880341	0.00037071193009409481	0.00037119524870081667
IGKV1D-17	8.735035791809159e-05	6.993952562351087e-05	0.00038765850387077007	0.0001133141265888765	0.00012094795283960208	0.0001540439333297856	4.178444657545121e-05	0.00019917938095048398	0.00010366185502889576	0.0007224117244281956	0.0003446813023650439	0.00022228248547383957	8.843942010272238e-05	0.0003135520025996311	0.00017499803127214817	0.0001148663284126786	0.00041939042513425046	0.00046978131679703105	0.00014396005314182527	0.00023133057138651126	0.0002005945983168017	5.292330707161229e-05	0.00016322412155745484	0.0002147963378602267	0.00016322412155745484
IGKV2D-26	0.0005241021475085496	0	0.0004651902046449241	0.0001133141265888765	0	5.601597575628567e-05	4.178444657545121e-05	0	0.0001606758752947884	0.0008166393406579599	0	0.0005779344622319828	0.00019898869523112537	5.700945501811475e-05	0.00026249704690822225	0	0	0	8.226288750961444e-05	8.412020777691319e-05	0.0001796369537165389	0.00010584661414322459	0.0003561253561253561	0.0001774845128559969	8.4120207776913189e-05
IGKV2-18	0	0	0.00023259510232246205	0	6.977766509977043e-05	0.00016804792726885702	0.00012535333972635366	0.00019917938095048398	0.00023842226656646025	6.281841081984308e-05	0	0	0.0002653182603081672	0.0002052340380652131	0.00026249704690822225	0	0.00027351549465277203	0	0	5.047212466614792e-05	0	0.00021169322828644917	0	0.00010282279502787836	6.2818410819843077e-05
IGKV1/OR22-5	0.0002620510737542748	0	0.0004651902046449241	0	6.977766509977043e-05	0	0	0.00030540838412407544	0	9.422761622976462e-05	0.0003181673560292714	0.00020005423692645563	0.00029848304284668805	0	0	4.9228426462576546e-05	0	0	6.169716563221084e-05	0	0	0	0	9.2360224858696187e-05	0.0
IGKV2D-24	0	0	0	0.00016997118988331476	0	0	0.00012535333972635366	0.00019917938095048398	7.774639127167183e-05	0	0	0	6.63295650770418e-05	0	0	9.845685292515309e-05	0	0	0	0.0001261803116653698	8.981847685826945e-05	0.00010584661414322459	0.00014838556505223169	5.2489899458831064e-05	0.0
IGKV1/OR2-108	0	0	0	0	0	0.00016804792726885702	0	0	0	0	0	0	0	0	0	0	0.00027351549465277203	0	0	0	0.0001796369537165389	0.00021169322828644917	0.00017806267806267804	4.3954620955969356e-05	0.0
IGKV2-4	0	0	0	0	0	0	0	0	0	0.0005653656973785877	0	0	0	0	0	0	0	0	0	0.0002523606233307396	0	0	0.00017806267806267804	4.3295173859652401e-05	0.0
IGKV6D-41	0	0	0	0.00016997118988331476	0	0	0.00012535333972635366	0	0	0.00018845523245952924	0	0	0.0001326591301540836	0	0	7.876548234012248e-05	0	0	0	0	0.0001796369537165389	0	0	3.803657949043229e-05	0.0
IGKV1/ORY-1	0	0	0	0	0	0	0	0.00019917938095048398	0	9.422761622976462e-05	0	0.00020005423692645563	4.421971005136119e-05	0	0	6.563790195010206e-05	0	0	0	0	0.0001796369537165389	0	0	3.4041556514117668e-05	0.0
IGKV7-3	0	0	0	0	0	0	0	0	0.00015549278254334365	0	0.0001590836780146357	0	0	0.00017102836505434425	0	0	0	0	0	0	0	0	0	2.1113253287492328e-05	0.0
IGKV1D-42	0.0001310255368771374	0	0	8.498559494165738e-05	0	0	0	0	7.774639127167183e-05	0	7.954183900731785e-05	0	0	0	0	0	0	0	0	0	0	0	8.903133903133902e-05	2.0101334831701021e-05	0.0
IGKV1/OR-3	0	0	0	0	0	0	0	6.639312698349466e-05	3.109855650866873e-05	0	0	0	0	0	0	0	0	0	0	0.0002523606233307396	0	0	0	1.5210969861865347e-05	0.0
IGKV2D-18	0	0	0	0	6.977766509977043e-05	0	0	0	8.292948402311661e-05	6.281841081984308e-05	0	0	0	3.420567301086885e-05	0	0	0	0	0	5.047212466614792e-05	0	0	0	1.3052319896510734e-05	0.0
IGKV1/OR2-1	0	0	0	0	0	0	0	6.639312698349466e-05	3.109855650866873e-05	0	0	0	0	0	0	0	0	0	0	0	0.00014969746143044907	0	0	1.0747354127070108e-05	0.0
IGKV1/OR2-2	0	0	0	0	0	0	0	6.639312698349466e-05	0	0	0	0	0	0	0	0	0	0	0	0	0.00014969746143044907	0	0	9.395242974519291e-06	0.0
IGKV1/OR2-3	0	0	0	0	0.00013955533019954086	0	0	0	0	0	0	6.668474564215188e-05	0	0	0	0	0	0	0	0	0	0	0	8.9669598192040324e-06	0.0
IGKV1/OR-4	0	0	0	0	0	0	0	9.958969047524199e-05	3.109855650866873e-05	0	0	0	3.31647825385209e-05	0	0	0	0	0	0	0	0	0	0	7.1240447618448526e-06	0.0
IGKV2/OR2-7D	0	0	0	0	0.00013955533019954086	0	0	0	0	0	0	0	0	0	0	0	0	0	0	0	0	0	0	6.0676230521539503e-06	0.0
IGKV1/OR-2	0	0	0	0	3.4888832549885215e-05	0	0	0	0	0	0	0	3.31647825385209e-05	0	0	0	0	0	0	0	5.987898457217963e-05	0	0	5.5622869417645981e-06	0.0
IGKV1/OR1-1	0	0	0	0	0	0	0	0	3.109855650866873e-05	0	0	0	6.63295650770418e-05	0	0	0	0	0	0	0	0	0	0	4.2360052863352401e-06	0.0
IGKV1/OR2-0	0	0	0	0	0	0	0	0	3.109855650866873e-05	0	0	0	6.63295650770418e-05	0	0	0	0	0	0	0	0	0	0	4.2360052863352401e-06	0.0
IGKV1/OR9-1	0	0	0	0	0	0	0	0	0	0	0	0	6.63295650770418e-05	0	0	0	0	0	0	0	0	0	0	2.883894133784426e-06	0.0
IGKV1/OR9-2	0	0	0	0	0	0	0	0	0	0	0	0	6.63295650770418e-05	0	0	0	0	0	0	0	0	0	0	2.883894133784426e-06	0.0
IGKV1/OR10-1	0	0	0	0	0	0	0	0	0	0	0	0	3.31647825385209e-05	0	0	0	0	0	0	0	0	0	0	1.441947066892213e-06	0.0
