gene	IgG.C13	IgG.C15	IgG.C16	IgG.C20	IgG.C25	IgG.C26	IgG.C27	IgG.C28	IgG.C29	IgG.C32	IgG.C35	IgG.C37	IgG.C40	IgG.C41	IgG.C42	IgG.C43	IgG.C44	IgG.C47	IgG.C48	IgG.C49	IgG.C51	IgG.C52	IgG.CC	average	median
IGHD6-19	0.11558937480837307	0.07078901845207586	0.08510172828702686	0.10059481252717932	0.08627362185768456	0.09070158953879881	0.12094012796833092	0.0857485477566149	0.09058859491220322	0.10324057886010132	0.1138587766140306	0.10459504532622771	0.0804919583727531	0.09105170621776253	0.09791870236466681	0.08490754713550663	0.08852091633466137	0.09363536316947906	0.10764449750684743	0.0608084547088329	0.07697307335190344	0.10100395497414057	0.10518145584224879	0.093746062908149991	0.091051706217762526
IGHD3-10	0.07699919168269373	0.06726518452075857	0.07961683907866364	0.07793002292276277	0.08852226915579431	0.07194033356824041	0.07535471783988587	0.08715017676099096	0.08544645586387249	0.08033206627790253	0.07814612793069457	0.08210429224935471	0.07529233680227042	0.09624855508174089	0.07738909517295291	0.07418046944601012	0.09640604249667996	0.06549584250427978	0.08550460004213783	0.0756283361497814	0.09020427112349123	0.0779434134469121	0.13165512901195725	0.082467642136079489	0.078146127930694573
IGHD3-22	0.07237227192909107	0.0847482060481804	0.06342782135825231	0.07079522086192537	0.09298572993850056	0.10283063190039926	0.08451043381158271	0.06362876558014462	0.08326597153822639	0.09861601452789963	0.08251781908188753	0.09705309643818766	0.08150236518448437	0.07922523240113845	0.07491694352159468	0.08483482118506935	0.04980079681274901	0.05348190266568842	0.0475981459372147	0.06107668785708538	0.07154131847725162	0.07094615150593246	0.06452695615691212	0.075487100205191227	0.074916943521594684
IGHD1-26	0.056735513002759454	0.06475845720143518	0.05923992874331969	0.049884649119574305	0.05681217809078387	0.05798293007595329	0.06093578826480652	0.0492335165833476	0.055972557144312735	0.04733974756646404	0.06585611807576831	0.07718036391417361	0.05404351939451275	0.060414582260774875	0.056107094000390885	0.07386229341284706	0.031997011952191234	0.05895390070921985	0.03504459582835874	0.05328451490035139	0.04175177963478801	0.05144508670520229	0.06381371932032724	0.055767384604420121	0.056735513002759454
IGHD3-3	0.04127992864509297	0.058319451563300886	0.058161702659624365	0.06395524533252746	0.07495490993699082	0.05932973142275463	0.05022942213142943	0.059159126421744944	0.05804435689297964	0.04606517251880847	0.04820319482960145	0.04885263618831111	0.05318070009460731	0.04601882522074466	0.05937072503419974	0.05766258795294635	0.054158366533864535	0.05233553436047935	0.04124236252545826	0.05011936375097237	0.05445682451253483	0.04876787344082749	0.019593035452066285	0.052324394670515965	0.053180700094607312
IGHD6-13	0.046868467263149104	0.04204574577139927	0.04470731631090414	0.045440139158122846	0.03085123272198235	0.041179234202490006	0.04363254354257408	0.04383984052576661	0.04740006113507452	0.036996514657613055	0.045831136983475816	0.03430911276121976	0.04065468306527911	0.047126191146900843	0.03874340433847959	0.033444846457337155	0.04353419654714475	0.04258376131083393	0.03569422009972611	0.04952925082481693	0.05484370164035903	0.04569516276239731	0.06910006293266205	0.043654383746074277	0.043632543542574079
IGHD3-16	0.040081389190846535	0.04713127883136857	0.051129793418132945	0.04134205037111294	0.041652027035819515	0.041739096390259134	0.036752525760374216	0.04395404733353061	0.04177563427639847	0.036263352019581085	0.04119588384938008	0.03810105000326092	0.04241059602649005	0.03621280853254592	0.0388508891928865	0.04903547208232584	0.04843127490039839	0.043286867204695524	0.04773860523913198	0.038169576996325214	0.043918291550603554	0.03708548828719196	0.061820851688693106	0.042959950007884919	0.041739096390259134
IGHD2-15	0.04486161050255042	0.032283124038954406	0.041535143919742466	0.033794491166260085	0.041930505347043755	0.030447889750215368	0.033481871153143855	0.037698628999185024	0.03585232483102946	0.0421512119742378	0.036262691082437626	0.035375886260516375	0.03650709555345317	0.044129503530943116	0.039730310728942786	0.034399374556826276	0.07017762284196546	0.03960320371729028	0.03964463796614931	0.04830879000026824	0.05337356855462706	0.047125038028597487	0.047640025173064815	0.041144110855541066	0.03964463796614931
IGHD4-17	0.046631546673356214	0.037224500256278846	0.0457542894646373	0.04042808812365026	0.0351767556495962	0.043802364732597306	0.049835144189295744	0.053038679769302245	0.04512447780457153	0.049088058472540254	0.038078976921137674	0.04752965071320098	0.038539262062440884	0.03751930605068629	0.05033222591362127	0.03544481009436193	0.03892762284196547	0.03920579603815113	0.030163635086733618	0.04330624178535984	0.04339213865676262	0.026346212351688464	0.027061044682190054	0.040954383840614172	0.040428088123650258
IGHD5-24	0.0367784374390278	0.031193939005638136	0.03964434165703033	0.02937209319466659	0.04382780150482392	0.03228408112129043	0.034095780432170965	0.037698628999184976	0.03441904697211559	0.03434584973549748	0.028957440469369513	0.038124342001062114	0.038331125827814595	0.03617881045586565	0.03666210670314638	0.04754459009836186	0.049800796812749	0.029683296649547553	0.043858417023667405	0.039765564228427336	0.026833797585886717	0.042166108913903246	0.02393538913362702	0.036326164607168462	0.036662106703146381
IGHD2-21	0.0350503107840678	0.035654792414146604	0.03265931181048222	0.027101928902581972	0.034401180539831475	0.03558061232479838	0.02850973522516181	0.03163528575062427	0.03100227558333051	0.031762861364584866	0.02958769738500678	0.0331538296702785	0.034380321665089905	0.02487687839373661	0.03796169630642961	0.03947200959982549	0.035856573705179286	0.026167767180239655	0.03244609874288924	0.057831066763230604	0.03268337975858867	0.0334043200486766	0.01145374449339207	0.03272320340922491	0.03268337975858867
IGHD3-9	0.03077180366251359	0.023081112250128145	0.028362033940681923	0.0285613202332078	0.026018202591670113	0.02731970871505758	0.024648986785073546	0.037636334376768284	0.028291953944910506	0.02246861499937963	0.027129695414021507	0.026399150307920234	0.02820056764427628	0.03339582503618368	0.025874535860855984	0.02716314248831842	0.03000498007968128	0.019778674492540955	0.03378046211110331	0.03562136208792683	0.03467966573816156	0.04076665652570733	0.04203901825047198	0.029651904675502629	0.028291953944910506
IGHD5-12	0.02546199515009616	0.0259642491030241	0.030268462668375146	0.03303531284780318	0.019977565579039687	0.023655156213295756	0.0242944012532217	0.030846220533345785	0.024352138029412763	0.02473577946467848	0.022603304838081276	0.023347898595958386	0.025475875118259245	0.02812126628265031	0.031424662888411184	0.02247231868511482	0.03344953519256308	0.023370628515529457	0.020629959969098957	0.01679139508060406	0.028396781182296497	0.023425616063279586	0.02154394797566604	0.025375846575208943	0.024352138029412763
IGHD6-6	0.023831424032109708	0.03283572526909277	0.02940900709441509	0.027028222269722055	0.01868667546345818	0.025992482969227165	0.023656676528025496	0.02478287728478506	0.029405970858947788	0.026224663591143397	0.027800059587926567	0.024601008077664847	0.02944181646168403	0.02272042895859035	0.021506742231776437	0.022908674387738408	0.017430278884462153	0.022774516996820728	0.015169604607065108	0.020533247498725885	0.02915506035283194	0.023273501673258288	0.028634361233480166	0.024687088100563109	0.024601008077664847
IGHD2-8	0.028862502438888427	0.027630061506919552	0.024908585179860592	0.027802141914750944	0.0238996853455343	0.024606530420483948	0.024992987674183526	0.032460689497645814	0.02381550793057774	0.026732237725165527	0.022058992047303667	0.02129820278944968	0.0276404919583728	0.02177819654773818	0.02489740082079345	0.023972291412883418	0.013736719787516602	0.026183052090975777	0.027336891635648557	0.021485475175022115	0.019962859795728868	0.029479768786127163	0.01573316551290119	0.024403236434542251	0.024897400820793451
IGHD2-2	0.017378822086573556	0.02968029215786781	0.02536175266431225	0.021146432967502758	0.02459718242411467	0.02076579750998357	0.01997322085386314	0.01919712614141923	0.022531671365010397	0.020235288809682235	0.019933307359108966	0.021801309941956358	0.021498580889309393	0.02629022701001488	0.021555598983779557	0.020417810585262087	0.026477423638778225	0.045243335778919085	0.03256900063206683	0.0228802875459349	0.02793252862890743	0.02485549132947977	0.012250891546045731	0.023677103515212732	0.021801309941956358
IGHD4-23	0.018424059982718732	0.02421834956432599	0.026627496327780716	0.019952385515172515	0.02207786461789914	0.023964450708636762	0.02718930104311656	0.022161311924748104	0.026288082056855618	0.021836967188152086	0.025989503357550486	0.01614135447625615	0.024117313150425757	0.02127308226563184	0.018389681453976937	0.033335757531681255	0.014276228419654716	0.017241379310344824	0.01699557553198961	0.03330114535554304	0.02005571030640668	0.007362336477030726	0.025068177050555904	0.022012500592019743	0.022077864617899141
IGHD7-27	0.025782534771580677	0.01542478216299333	0.023345938681751405	0.021529707458374184	0.01704703680858651	0.01172578498159894	0.01392409752689823	0.01338296138252532	0.013483680331487951	0.017956844919182917	0.023107510370591073	0.02018950369411086	0.020431409649952704	0.019417758652510525	0.01879030682040258	0.01816330612170688	0.010167662682602925	0.019427121545610167	0.01783833134349323	0.010273329578069255	0.012209842154131848	0.01937937328871311	0.03973148730857981	0.018379578792845845	0.018163306121706881
IGHD6-25	0.014549711514340664	0.011412416709379801	0.008344532299903113	0.012736506158189172	0.009871665742743304	0.013933912771122084	0.009970733462818808	0.012105921622982563	0.014101823863057427	0.012508882547345387	0.016850778080810393	0.011972086869835004	0.011542100283822151	0.010170281795486999	0.0092827828805941	0.009427101325430447	0.029589973439575035	0.04015346050379065	0.06420745838893183	0.026836726482658717	0.01629526462395543	0.01791907514450867	0.018187539332913782	0.017476988514965021	0.012736506158189172
IGHD1-7	0.012947013406918081	0.02078261148129165	0.015048285776791567	0.019841825565882674	0.01463442564498963	0.018878709576384024	0.017004228564775407	0.028785306775059354	0.019013008185307215	0.015103150343458493	0.01501730341713841	0.015232966562007967	0.017948912015137215	0.014084917481811045	0.01767637287473128	0.01506336248431846	0.01867529880478088	0.012151504035216424	0.010797808834890092	0.015208819505914534	0.01569173630454967	0.009674475205354428	0.005831760016782044	0.015873643602760456	0.015208819505914534
IGHD1-1	0.010480251972015494	0.02053434136340339	0.01261055723974122	0.00871212400403912	0.012981773984920553	0.014188395583744443	0.013506004138595344	0.012090347967378385	0.013639914410895616	0.011922352436919808	0.011911855705543966	0.011091649352948303	0.013699148533585647	0.014143199898977155	0.013474692202462377	0.010736168433301206	0.014940239043824705	0.02032893127904132	0.014642882224875347	0.025294385880207063	0.01858557722067471	0.02634621235168846	0.011642542479546884	0.014674067291666542	0.013506004138595344
IGHD5-18	0.014201298882292275	0.015464825730394661	0.014954526986905017	0.016665069689621365	0.014400191551436525	0.015535196930545779	0.017718691949849975	0.013559462812706029	0.015861155452909004	0.01556560677667866	0.012003529438727565	0.016896015205016178	0.0180283822138127	0.015945097963029526	0.010181747117451631	0.015099725459537094	0.011454183266932273	0.012426632428466615	0.012535992696116303	0.007751937984496123	0.017672547199009594	0.017797383632491632	0.012125026221942522	0.014514966416972563	0.015099725459537094
IGHD5-5	0.013699584692142596	0.015272616606868267	0.014954526986905017	0.015515246217007067	0.013994185789277818	0.015206326834233818	0.017337644811143523	0.01306110583337227	0.015861155452909004	0.015430253674272755	0.011590997639401364	0.016616511231401353	0.017801324503311275	0.015770250711531184	0.00982997850302912	0.014772458682569404	0.010956175298804783	0.012243213499633159	0.012325303743240399	0.00743005820659317	0.016929743113587123	0.017067234560389413	0.011621564925529683	0.014142933109441458	0.014954526986905017
IGHD3/OR15-3a	0.009755553697354851	0.011244233726294198	0.010610369722161447	0.009714534210933637	0.015613003635833674	0.009157466134210323	0.009653194180563436	0.012941707807073554	0.011955303467717272	0.009801820499227358	0.013894300185639311	0.010388231019350993	0.012824976348155189	0.011933324914761973	0.015165135821770558	0.013417937855675348	0.010167662682602921	0.013481291269258983	0.011781023948310978	0.018306912368230455	0.012921696069328381	0.006936416184971099	0.018292427102999782	0.0121721096892359	0.011933324914761973
IGHD2/OR15-2a	0.012208378626975498	0.013390568939005629	0.009547770103447194	0.015728995452300755	0.01185745033586569	0.014153159501996736	0.01316200324948535	0.010320142447036587	0.009231396257174874	0.014956517815852098	0.01332133935324181	0.009293507122692925	0.012170293282876082	0.012079030957677265	0.010035176861442249	0.014499736368429656	0.012491699867197876	0.012564196625091706	0.014502422922958072	0.01162790697674418	0.012581244196843077	0.00958320657134165	0.009041325781413888	0.012102063896395251	0.012208378626975498
IGHD2/OR15-2b	0.011539426373442595	0.013006150691952836	0.009172734943900987	0.014844515857982054	0.01148267578618073	0.013871270848015056	0.012653940397876743	0.009946374712536269	0.009149882824440438	0.014550458508634396	0.012565031054477113	0.009181705533246994	0.01189782403027438	0.011671054037514457	0.009917920656634747	0.014063380665806069	0.011993691899070388	0.01238077769625825	0.014291733970082167	0.011306027198841226	0.012209842154131843	0.00958320657134165	0.008286133836794631	0.011720250445627651	0.01189782403027438
IGHD3/OR15-3b	0.007915935000139367	0.010475397232188616	0.00967278182329593	0.00856471073831934	0.01480099211151626	0.0077950043066322095	0.008700576333797304	0.011882699225989312	0.010977142274904043	0.009395761192009655	0.013206747186762312	0.009158413535445754	0.011508041627246942	0.010534546902775218	0.013875317568888011	0.011890692896492791	0.008673638778220452	0.012931034482758619	0.011359646042559169	0.01718033314557012	0.012550294026617146	0.0058411925768177666	0.018292427102999782	0.011181883743997657	0.010977142274904043
IGHD1-14	0.014020124313627116	0.011116094310609935	0.014173203737850417	0.014026372233237262	0.0107227162826529	0.013092161929371243	0.008806422761215767	0.008228081377541748	0.00927215297354209	0.015385135973470784	0.010576856966057794	0.010905313370538417	0.012870387890255458	0.010986235635812604	0.0076607387140902854	0.011772513227032232	0.012574701195219124	0.008712399119589142	0.011148957089683265	0.007349588262117431	0.011018260600433302	0.013842409491937938	0.0052863436123348016	0.011023790046444396	0.011018260600433302
IGHD1-20	0.012835521364662594	0.013270438236801628	0.005484889208363283	0.007488593898564927	0.00791971496313417	0.008025996398089418	0.008660883923515392	0.007340383008103485	0.009156675610501635	0.008324215797962931	0.007133362363348835	0.006847847353563205	0.008881740775780514	0.011258220249254474	0.010289231971858506	0.007036235704805365	0.01369521912350598	0.011310833944729756	0.007742819018189483	0.010206271291006137	0.0088826988548437	0.01825372680255552	0.0037759597230962874	0.0092965860689668365	0.0086608839235153921
IGHD4-11	0.009072664938540012	0.010571501793951815	0.009891552333031219	0.010370523243386668	0.006795391314079295	0.008769869234985513	0.009901933284996813	0.009910036182793182	0.009306116903848107	0.007252670403916218	0.011430568606330065	0.008086981636588931	0.009699148533585623	0.009296045537995278	0.010435802227867889	0.007890765622443228	0.006308100929614874	0.007764734653949617	0.010674906945712482	0.009361336874010886	0.006654286598576292	0.012625494371767567	0.0016782043213761273	0.0088586363692759879	0.0093061169038481072
IGHD4-4	0.008905426875156787	0.009514351614556634	0.009704034753258116	0.010016731405659193	0.006514310401815579	0.008394017696343277	0.009552640074515896	0.009473973825876145	0.008735522874707056	0.0069819641991044155	0.010811770907340769	0.007639775278805214	0.009381267738883637	0.008888068617832475	0.009966777408637873	0.007018054217196052	0.006308100929614874	0.007214477867449252	0.009410773228457058	0.008878517207156458	0.006282884555865057	0.011530270763614237	0.0016782043213761273	0.0083826920331835746	0.0088880686178324751
IGHD5/OR15-5a	0.00585333221841291	0.007239876986160942	0.00911022908397662	0.00846152145231549	0.00881240711967542	0.009368882624696581	0.006274046985229134	0.006909511869721177	0.007832082328567058	0.006429272364280317	0.00781518575390186	0.00786337845769707	0.008151371807000946	0.009053202133136462	0.006986515536447137	0.007472591407428956	0.008632138114209828	0.005105160185864515	0.005038977456282044	0.007322764947292185	0.0064840606623336435	0.004350471554609066	0.007572897000209774	0.007310429480410832	0.0074725914074289558
IGHD5/OR15-5b	0.005351618028263232	0.007047667862634546	0.008922711504203516	0.008196177574019884	0.008437632569990462	0.009180956855375462	0.006178785200552522	0.006722628002471018	0.007506028597629315	0.006023213057062613	0.007471409254463364	0.007304370510467422	0.007651844843897823	0.008936637298804232	0.006634746922024623	0.007036235704805367	0.0076361221779548474	0.004921741257031059	0.00482828850340614	0.007000885169389233	0.0064840606623336435	0.004350471554609066	0.006817705055590517	0.0069844320942165179	0.0070362357048053669
IGHD1/OR15-1a	0.00564428463918388	0.0068874935930292105	0.004906710004062879	0.004923603075040722	0.006506502598697145	0.006111502623130523	0.0063428471630511355	0.0059647100964009235	0.005943687803552622	0.0058201834034537605	0.006199436206540914	0.004746909151891773	0.007050141911069059	0.004973432931508441	0.006595661520422122	0.007145324630461261	0.004482071713147411	0.0045854732208363905	0.004459582835873308	0.0043051420294519995	0.005323429278861035	0.007757833891086096	0.0025802391441157955	0.0056198349332551465	0.0058201834034537605
IGHD4/OR15-4a	0.004334253142681942	0.005566055868785237	0.004922336469043972	0.005903901292077273	0.004939736772930866	0.003288700963119568	0.004601673432017485	0.006473449512804137	0.003586591040315183	0.005729948001849825	0.004755574908899226	0.005534178677573532	0.00559697256385998	0.005187135127784197	0.0045045925346882945	0.004499918183305758	0.0034860557768924302	0.007520176082171677	0.006847390968466888	0.004251495399801506	0.006623336428350357	0.00608457560085184	0.005852737570799246	0.0052213385356117571	0.0051871351277841971
IGHD1/OR15-1b	0.005477046575800654	0.006310866222450022	0.004719192424289776	0.0042160193995857695	0.006162959261485933	0.005500743872836892	0.00567601467031484	0.004967996137733409	0.0056991475053493135	0.0054141240962360575	0.00544312790777622	0.0040760996152161945	0.00668684957426679	0.004390608759847298	0.006243892905999609	0.006818057853493569	0.00398406374501992	0.004218635363169479	0.004459582835873308	0.0043051420294519995	0.004952027236149801	0.007392759355034987	0.0025802391441157955	0.0052041389778912017	0.0054141240962360575
IGHD4/OR15-4b	0.00399977701591549	0.005566055868785237	0.004922336469043972	0.005903901292077273	0.004814811923035882	0.003288700963119568	0.004474657719115335	0.006473449512804137	0.0035050776075807475	0.005729948001849825	0.004755574908899226	0.005422377088127602	0.005415326395458845	0.005187135127784197	0.0045045925346882945	0.004390829257649861	0.0034860557768924302	0.0073367571533382225	0.005372568298335558	0.004251495399801506	0.006066233364283504	0.00608457560085184	0.005349276274386406	0.0050565875458184759	0.0051871351277841971
