gene	IgL.C13	IgL.C15	IgL.C16	IgL.C20	IgL.C25	IgL.C26	IgL.C27	IgL.C28	IgL.C29	IgL.C32	IgL.C35	IgL.C37	IgL.C40	IgL.C41	IgL.C42	IgL.C43	IgL.C44	IgL.C46	IgL.C47	IgL.C48	IgL.C49	IgL.C50	IgL.C51	IgL.C52	IgL.CC	average	median
IGLV2-14:IGLJ3	0.0836938930541335	0.08924978113132703	0.0849974952952167	0.1194904815594471	0.06801955566314408	0.09322943474218862	0.11673631608554076	0.09311152322876723	0.09284716893815403	0.09534484450112828	0.0976224987674011	0.09190117622021411	0.09579667599331555	0.09253253428448817	0.10055049874498607	0.08867163065272089	0.08503973829389704	0.10515090245586352	0.09592832446582017	0.09760151068060367	0.0865317105624885	0.09588447484306185	0.11038342540710615	0.0927218403450842	0.09844828043715644	0.09485942865413019	0.093229434742188616
IGLV2-14:IGLJ1	0.053654589292202015	0.052270988981225945	0.06413398139748987	0.0529852253990185	0.05470220794493794	0.07016745867397627	0.04703597686424198	0.06435845854026527	0.09539245010106999	0.08750122633179633	0.07044807323926967	0.08272792340966334	0.06632045803053842	0.07558033487934665	0.059756917396732584	0.07085175989446929	0.08496390587511665	0.0773375086300424	0.07216290894607828	0.08795632327159131	0.07073136084031434	0.08428628314438305	0.05914946168045035	0.07227059236074812	0.040867160524688806	0.068704541425986296	0.070448073239269673
IGLV2-11:IGLJ3	0.046025035505499225	0.03496176712373185	0.04474621248019929	0.040645902714868225	0.06198242345632771	0.04309158158074286	0.04788698043216295	0.054231234676557494	0.032694992978189306	0.04073383694692436	0.030942944819986697	0.036670926370040074	0.038587824822957334	0.03794673687162678	0.041266656944311045	0.03487292255642287	0.03308189269291452	0.04593648288785876	0.030578836143817477	0.03495003372537673	0.03718072010882064	0.04256652300196762	0.03511886384686631	0.03895103354507854	0.034697655178776154	0.040014000856480998	0.038587824822957334
IGLV2-23:IGLJ3	0.0592528982395878	0.040197449107073034	0.04535546499505828	0.043296250192801915	0.03533791420435307	0.03946470679769698	0.03583656010983059	0.03314185578676054	0.0321540831678884	0.04963210046110074	0.04237310967839278	0.0368315436221399	0.033281821110039495	0.037494952349121376	0.03397489023816216	0.03801341226730514	0.034998767723194824	0.04148584673044679	0.04022151969216781	0.031447731072899526	0.03517150387688799	0.03712639370373842	0.0322832981898362	0.05096354271903765	0.030119040267755644	0.038778266252131079	0.037126393703738422
IGLV2-14:IGLJ2	0.03865970868976453	0.03641803058248628	0.03158635815924506	0.04902599730185933	0.02491727771298842	0.03067482214747693	0.044170232183669944	0.03202403030112527	0.03971780534859633	0.04198469537918176	0.036772530963151376	0.03924381397711412	0.029583586076649827	0.03608213727290846	0.0393992532756632	0.03282871422314303	0.04098110298253113	0.041350231778281864	0.03460557362830861	0.04768254620511791	0.028355396217236543	0.04001920734563856	0.042438236124887556	0.03358353419361064	0.024988945605434888	0.036683750707042863	0.036772530963151376
IGLV2-8:IGLJ3	0.027050236152855307	0.025987674689626105	0.029717983780344154	0.025254335599163194	0.018605358670424267	0.02246028991058497	0.04692976532494831	0.02749379204123968	0.026153991012883675	0.03261061512802903	0.033219548074047534	0.034572863514486185	0.03945824068627498	0.03504203124851735	0.04627604138877924	0.0332930442969606	0.03052254855907872	0.03757767038169445	0.03492197418223887	0.03198301160179992	0.035249174494195665	0.04300571535650712	0.05242621507820251	0.040600064918389266	0.05445420802299806	0.03459465576457077	0.033293044296960603
IGLV3-1:IGLJ3	0.03646332199359251	0.02941137201570896	0.04230920242076331	0.043795905864871365	0.03292535121192442	0.03207928851010856	0.03725271396707967	0.032414974539510893	0.03371671150875772	0.020249190621014424	0.03406822265988087	0.031109554016083812	0.031136753023054783	0.029384444906010904	0.03179921675754698	0.028900212063333854	0.03172322852310045	0.03188184239076832	0.030067878727532603	0.028710501095567834	0.03145660000960665	0.031938068022111875	0.029330040135844396	0.03249830208429744	0.0429280022260066	0.032702035971763167	0.031881842390768321
IGLV1-40:IGLJ3	0.029775076790963445	0.030498562810063957	0.03692747187284223	0.026851061333819953	0.023823037277778413	0.03116957734340399	0.03101770323446917	0.02784740994530709	0.03212403262287167	0.028725595997253016	0.029946088957261828	0.03446745844279567	0.040910004414022476	0.03771899951605814	0.03524946734533452	0.033793981306058395	0.03162843799962506	0.03439688332182661	0.024735579537072575	0.03132607640724033	0.032100448547814964	0.03390564977044881	0.035603318597150414	0.037197715602704684	0.04037054975370336	0.032484407549915634	0.032100448547814964
IGLV3-21:IGLJ3	0.02531624665587741	0.03315931922782751	0.033407346231434716	0.04083055807193738	0.03223020594291957	0.03160049315921142	0.024782692501858695	0.02261190042119821	0.02890862430608283	0.02010203080545473	0.0285922509274801	0.0328914016565662	0.03455509681942612	0.030791988284178264	0.031004829165169775	0.025021161377499716	0.02290770983988828	0.021858664562580135	0.024958304564683925	0.03181945366241369	0.0351817236949548	0.031681579687060805	0.02880452989824807	0.018478276455873098	0.02378895790600629	0.028611413833033273	0.02890862430608283
IGLV3-25:IGLJ3	0.01917296958086997	0.025148439690474877	0.03462585126115269	0.02782864851830369	0.025540455001202184	0.0308663402878358	0.01683649585840559	0.030322735273778822	0.027045490515046303	0.021603060924163645	0.029784436655198337	0.022667109702587035	0.02904903969775417	0.028435539257808177	0.025236626722012944	0.031019560947978343	0.024993101356347077	0.02174770687444521	0.03232788268417721	0.02147880708138291	0.038135251116259636	0.026123161248008998	0.0283173381154765	0.030256140849440172	0.02154769955755143	0.026804395551106471	0.027045490515046303
IGLV1-44:IGLJ3	0.030964098160319725	0.0294685925838329	0.030767252000379088	0.0274376136445102	0.04868879245906411	0.038543025747219996	0.03849184859217259	0.032326570063494056	0.020103814616184424	0.02595899146473069	0.023823508016607087	0.021367113818404126	0.026263892470375114	0.019286507299720278	0.023197303350537154	0.024391778981453775	0.016619938449353423	0.02137784791399546	0.024034650773707443	0.018187372516048274	0.021170353125373662	0.014669024641619044	0.019411034401213924	0.023875106404889993	0.043606889609563465	0.026561316844190802	0.024034650773707443
IGLV2-11:IGLJ1	0.023086831588334383	0.020656625092745007	0.02531782672858477	0.01968208864760589	0.02743942831253077	0.028033467795027706	0.016254299272647644	0.022926227447035888	0.02968993847651751	0.025546943981163542	0.021823060778571383	0.02701381408753841	0.027172391895450988	0.03147203733205689	0.022728970366971503	0.02157882500728928	0.03464277664614277	0.033065391064207514	0.03341661502503036	0.029967599307379425	0.02238140156628932	0.029274805584184403	0.02440995053634889	0.02809871245194671	0.013884641967813671	0.025582586838376584	0.025546943981163542
IGLV2-8:IGLJ1	0.0261584701258381	0.018024478959043428	0.020917669676825384	0.010688286550355516	0.011776578674905912	0.015608728439246855	0.018575218094250282	0.020509838435908714	0.02127578587183643	0.030844697341312663	0.024247845309523758	0.026019994840170778	0.03309140330124831	0.027929456245433398	0.025147702737791627	0.02566338831224047	0.026427597944941456	0.03284347568793766	0.027127908363062763	0.0265207171137025	0.040930371357529104	0.032472125925231896	0.02986211925141067	0.02600646316011769	0.033310120964711996	0.025279217707383093	0.026019994840170778
IGLV1-47:IGLJ3	0.02838788519338112	0.024375962020801598	0.023422374460134572	0.020073123521399387	0.02069488356725653	0.018050584728822282	0.023150181805307684	0.02271995033632991	0.021065432056719405	0.0217207887766114	0.024914661055535657	0.020945493531642104	0.027310043323492787	0.025675805330951932	0.024157682380127502	0.026838663602816032	0.01687271317862116	0.024410691389683402	0.022030125525205266	0.01875509428912447	0.023945033730509525	0.020993394546987728	0.019230390257040195	0.02379689147809266	0.0381013919237325	0.023265569680413073	0.023150181805307684
IGLV2-23:IGLJ1	0.03240083231495856	0.02592091736014817	0.018548354341262636	0.02215864284829803	0.019382285735782642	0.022144284978992856	0.015577692429739758	0.019124834978311432	0.02608387307451133	0.025870695575394877	0.03119889429825389	0.021532750359632064	0.01701371650596627	0.022568139333088016	0.018602897499101868	0.018727337417040343	0.02641495920847807	0.021377847913995458	0.029045963894962876	0.021674806264944932	0.021522936848678217	0.021994753115337776	0.02090545413937845	0.023405816844105923	0.009833637251685314	0.02212129298128199	0.021674806264944932
IGLV3-1:IGLJ2	0.024573108300029727	0.019111669753398435	0.022406953602036258	0.02815451091313161	0.022915259338254414	0.021450031720191994	0.022383098465964434	0.020745583705286987	0.01785002373993057	0.013185519474148923	0.01976199392726186	0.019003028639059897	0.014453399944388818	0.018187358257218792	0.016433152284101464	0.017802530631013655	0.01959004151824929	0.020342242824736168	0.017569074236872005	0.018491509180196233	0.0158202783674045	0.019078515881195537	0.015338330059842474	0.017950325699991013	0.01904604604828025	0.019265743460487414	0.019046046048280248
IGLV6-57:IGLJ3	0.01823166099679625	0.03693587672400804	0.013234318517214764	0.021050710705883123	0.023405950116375494	0.021713369163185416	0.01823298091208175	0.01364375746526686	0.01610709212896091	0.017806337682723435	0.014265815657103144	0.015780645018807275	0.021735160487799946	0.013458645110341918	0.016664354643076914	0.018534669336618112	0.01722027843136429	0.02130387612190551	0.016507854987664966	0.023641556693101768	0.03338814562423162	0.01865689122083763	0.021365275597275225	0.018439168992474424	0.0032549395102041425	0.018983173273812118	0.01823298091208175
IGLV1-40:IGLJ1	0.018033490768570203	0.012302422146648688	0.017262154587671434	0.008602767223456879	0.013886549020826549	0.01580024657960571	0.014751602679677796	0.021924310052178278	0.021816695682137354	0.02278033944864122	0.01721597016976187	0.016894927205249776	0.02243718277081312	0.020591252565999026	0.01803378400008537	0.024969783222720456	0.01870532996581222	0.018123089062037676	0.019062642069089305	0.017396617189263566	0.021430958486077033	0.02104609762953247	0.015239796890293169	0.020492310820904767	0.012089775323615387	0.018035603822426773	0.01803378400008537
IGLV3-10:IGLJ3	0.011493873237110682	0.024547623725173433	0.02403162697499357	0.017335879404844923	0.033440576528951556	0.025615551272997132	0.023484551466047048	0.016148550952410884	0.011058600566152267	0.011272441871872851	0.016165230206349177	0.014380263352061974	0.022134349629121156	0.014012173405126832	0.01604188675352762	0.014912509424680278	0.009826617600283109	0.006398560015780649	0.014346112072613602	0.011030023019766178	0.019039521058446113	0.011840625878384714	0.012612245702311588	0.014117794286921037	0.015623709648979885	0.016436435922196332	0.014912509424680278
IGLV7-46:IGLJ3	0.016349043828648813	0.018539464072158954	0.013471250050771036	0.01974726112657147	0.018204627868292054	0.02075577846139114	0.018685363394258542	0.019360580247689694	0.01568638449872686	0.014362797998626506	0.017458448622857104	0.01668411706186876	0.014357043944759564	0.016732369596641296	0.0169311265957409	0.020230148444333698	0.013144285921922096	0.01420258408127034	0.016468550571027668	0.011820778346550884	0.010086960431930393	0.017075798744495465	0.016980549552330967	0.01697263911502418	0.01599570273586036	0.016412146212549952	0.016732369596641296
IGLV3-1:IGLJ1	0.014268256432275328	0.015106229984722113	0.01502822869985513	0.019160708815881233	0.024141986283557113	0.01522569215852914	0.0158137180726146	0.022277927956245672	0.019472753170833343	0.016952810752477187	0.01600357790428568	0.015178330323432954	0.014040445660263426	0.01783942618621114	0.013658723976396019	0.020114547596080366	0.019337266788981552	0.015534076338889435	0.01532872248854604	0.01094891990932672	0.016188191817809262	0.015389300103063813	0.013597577397804681	0.016307812237246734	0.011717782236734912	0.016345320531682542	0.015534076338889435
IGLV7-43:IGLJ3	0.01555636291574463	0.015792876802209484	0.013674334222390705	0.01727070692587934	0.014573516110196062	0.014315980991824571	0.014948290715406836	0.01219981769032501	0.012200521276787557	0.019248503875208475	0.024975280668809465	0.01728643175724309	0.015527081083114845	0.01597324507807912	0.017002265783117962	0.01541344643377806	0.014281772203626898	0.013166978992011047	0.016114810821291993	0.013442840555340028	0.010301576611333168	0.013667666073269002	0.01468144226284708	0.01630781223724674	0.015735307575044023	0.01534635478648501	0.015413446433778059
IGLV2-8:IGLJ2	0.013673745747597187	0.015001325609828212	0.013065081707531711	0.011242252621562962	0.007368539851451543	0.010538285673246115	0.021675021537339908	0.012877585339787511	0.012090335945059589	0.013891886588835474	0.015599447149126961	0.01683469573571234	0.014306571754477564	0.014824014904144716	0.022408844023774712	0.014796908576426944	0.01611438899081796	0.014720386625899983	0.013697589198098194	0.01640310408638022	0.013505489575274589	0.018551485055748156	0.022169963148594585	0.016783619708597257	0.017065182860641716	0.015168230080638246	0.014796908576426944
IGLV1-51:IGLJ3	0.01753806519800509	0.017595324698113823	0.013031234345595102	0.013718806822255096	0.022547241254663605	0.014100523083920857	0.018370662537092085	0.01688525491921795	0.014604564878125009	0.014039046404395173	0.014629533336746001	0.016473306918487744	0.015898739938827698	0.015024339429876401	0.014281191865945318	0.018322734448153664	0.012006799640217305	0.00924647401124371	0.017392204362004164	0.013645598331438673	0.013152905851970025	0.01152440738311628	0.013811065931828187	0.01302278531175818	0.01646999392163296	0.015093312192985204	0.014604564878125009
IGLV2-11:IGLJ2	0.01867754401030485	0.013790156917871324	0.0155697864908409	0.011448632138287309	0.02405202630756825	0.014603258202362862	0.018344437465661546	0.02051966115546615	0.014844969238258756	0.014421661924850386	0.01219127778062167	0.014264819702115234	0.010729928815858181	0.014059618687536968	0.01604781501914237	0.010500410383011303	0.013807819586249895	0.019195680047341936	0.011044541075080612	0.015152764467105258	0.01063883060753753	0.01561768012742435	0.015050941648656993	0.012983677848359515	0.009160329764431657	0.014668730776477831	0.014421661924850386
IGLV2-23:IGLJ2	0.019420682366152523	0.016050369358767247	0.013674334222390705	0.014750704405876815	0.013158691033280285	0.012771865985181286	0.013335448822428724	0.01115860941723769	0.011779813646553505	0.020847640537623856	0.014973044478630924	0.014395321219446333	0.008931283489445347	0.014278394156428158	0.012561994837666304	0.012716093307866898	0.01250181681836661	0.01592859256336916	0.014162691461639548	0.011861329901770612	0.011533064688382414	0.013972172772416384	0.012133265017002445	0.01729201673278001	0.010152311329446256	0.013773662102806001	0.013335448822428724
IGLV8-61:IGLJ3	0.023780427387125543	0.016307861915325007	0.014351281461122918	0.015641394951739777	0.017763006167983077	0.010389859114467999	0.01034579067934736	0.010608537122021748	0.01646769866916153	0.02083782988325321	0.014346641808134887	0.01614203383603187	0.00886475196589181	0.00955231685857405	0.017020050579962226	0.01895853911354701	0.011627637546315706	0.015903935299339186	0.009786799742687086	0.008961893703560018	0.010454873882335148	0.009486554858053034	0.012875000821109747	0.013687612189535627	0.006826073144256688	0.013639536108035288	0.013687612189535627
IGLV4-69:IGLJ3	0.016249958714535787	0.011158010784169742	0.012692760726228996	0.007364490123110814	0.006526187349010357	0.01414840261901057	0.010660491536513819	0.010313855535298923	0.017399265564679793	0.017835769645835376	0.010487193096369028	0.010691085842894243	0.0160363913668695	0.01654258846700075	0.0169311265957409	0.011752752905755772	0.014976902709113166	0.013166978992011046	0.012262977990836834	0.014172768549295145	0.012401749224060319	0.010540616508947817	0.01446795372882358	0.015310571920580567	0.024877037685131675	0.013558715527272979	0.013166978992011046
IGLV3-19:IGLJ3	0.008025894243154872	0.017223391005308165	0.014622060356615802	0.01323001323001323	0.01118774974116061	0.008570436781058854	0.01490895310826103	0.01579493304834349	0.011118701656185703	0.010065731384283332	0.01357879337333331	0.016382959714181602	0.010599159959218467	0.012778596062463302	0.0139788503195928	0.0143345051834136	0.01744145631947356	0.011243712397672351	0.013284892823406568	0.00920520303487839	0.008891241718114938	0.00801086854680034	0.013006378380508825	0.010637230044439118	0.008686038578659051	0.012272310040421654	0.012778596062463302
IGLV3-21:IGLJ2	0.010750734881263008	0.014963178564412245	0.011474255696511011	0.015804326149153735	0.015203235942118122	0.015345390996253427	0.010149102643618322	0.010529955365562328	0.011238903836252576	0.009506524085156476	0.012144129192519814	0.014099183160887289	0.012007792906179537	0.012193437579404958	0.013753576226232104	0.008798509005948309	0.011532847022840305	0.01098481112535753	0.011673411741277371	0.01624765645803793	0.015345056827298365	0.014184156282207453	0.013761799347053533	0.0069806822166631685	0.007105067959417044	0.01223110900846504	0.012007792906179537
IGLV3-21:IGLJ1	0.010701192324206497	0.017852817254671586	0.00819106158865978	0.009124147055181539	0.00956847017336105	0.016039644255054285	0.0059793162861627325	0.012612371911736966	0.017309113929629638	0.011831649170999705	0.012608879560952352	0.01379300652407201	0.013957854803438348	0.015277380936063794	0.010706447700247918	0.014989576656849161	0.013460254333506767	0.00732320741690502	0.01709742123722443	0.013341461667290708	0.013152905851970025	0.011953059121146824	0.009327806717334613	0.008525427020910761	0.0042221215360933725	0.011957863801346794	0.012608879560952352
IGLV1-40:IGLJ2	0.012534266935297422	0.011100790216045793	0.009511108704187594	0.009841044323802945	0.00802279422227965	0.009671666088122284	0.01154558769729449	0.009812896837870117	0.015175525233442653	0.011772785244775825	0.009214181217619027	0.012272161918251843	0.011012114243343864	0.011149641366381963	0.01337416722688777	0.010866479735813535	0.012480752257594298	0.0120574021106618	0.009799901214899518	0.0122668454539679	0.009443111893722071	0.011348730441300485	0.012776467651560437	0.010839285271998933	0.009941515246880651	0.011113248910160117	0.011100790216045793
IGLV3-25:IGLJ2	0.009660798626019753	0.012273811862586716	0.010661919010032352	0.013946910498634637	0.010819731657569805	0.014491539287153523	0.007316794929120188	0.011050559502105985	0.012440925636921302	0.008535269302462473	0.011760204975119027	0.009205376260970913	0.010273384912852885	0.011545018719799762	0.012004737869879316	0.011906887370093554	0.011596040705157235	0.008210868921984416	0.012046803699331697	0.008988928073706505	0.01245795822342771	0.010347371872950442	0.009793102240206355	0.009842044955332764	0.006407580921516158	0.010703382801397422	0.010819731657569805
IGLV1-44:IGLJ1	0.013673745747597188	0.005664836244270792	0.010560376924222525	0.006061040543799165	0.014009221715356821	0.011634727026800568	0.009441025714993789	0.014616206701452186	0.010998499476118832	0.009359364269596781	0.00909294199107141	0.007378355018335464	0.011411303384665079	0.008793192340011875	0.008109867360985137	0.008862731699422383	0.011185281770097174	0.008654699674524114	0.010612192492070335	0.009793200585564455	0.011313338599946245	0.0091703363627846	0.008342475021841518	0.01055901511764177	0.015437713105539645	0.010189427555548393	0.0097932005855644547
IGLV1-47:IGLJ1	0.00445883013508604	0.005836497948642634	0.008935703551265212	0.007234145165179649	0.01091786981319402	0.00919287073722514	0.005664615428996274	0.010549600804677184	0.008293950424614201	0.008299813597566957	0.009577898897261884	0.008191479857090801	0.010255031389113973	0.010785894201237586	0.009283663952706672	0.008515929154662377	0.008910309206687578	0.00954236117960351	0.006721055244977879	0.009428236588586898	0.009933663160928412	0.008432493207158253	0.0071600769872498075	0.009268468825485553	0.014712326586122721	0.0088041114418128483	0.008935703551265212
IGLV3-25:IGLJ1	0.009611256068963242	0.009555834876699216	0.005889440976970254	0.009775871844837363	0.005544805792768199	0.007469207473995427	0.0021242307858736027	0.008310020745583702	0.011719712556520068	0.00877072500735799	0.007516832045952365	0.0056918738712873574	0.008754630823458372	0.008729931963465025	0.007042779550329197	0.010327009110631297	0.015166483756063963	0.005769799783016076	0.009786799742687086	0.00689376438735386	0.011313338599946245	0.00864330553733721	0.0081454086827429	0.009933295703263	0.003626932597084616	0.0082445316913675043	0.0086433055373372099
IGLV2-18:IGLJ3	0.009710341183076265	0.005493174539898949	0.00924709928108203	0.009430457706319775	0.0045814162317238125	0.00567372490813114	0.011400038550855	0.01571831583579556	0.005324956576962452	0.004179338761895418	0.007888632340698394	0.005469017433998857	0.0042837124406607625	0.006458884445433183	0.007209956640665293	0.00698999795771835	0.006332006968156705	0.006287602327645724	0.007444256511104154	0.007343886650292848	0.005190645596127099	0.005568959055560763	0.004870823014720856	0.007868421635813054	0.02564520340953984	0.0078244348001550515	0.0064588844454331832
IGLV1-44:IGLJ2	0.0098589688542458	0.007553114992361057	0.008631077293835717	0.008276904828628967	0.011739776866546824	0.008809834456507425	0.01260770309023129	0.009695024203180988	0.005318946467959108	0.008123221818895318	0.007941169338869031	0.006595345914348842	0.007102813686956795	0.0050529225766794824	0.007582251721271922	0.006011244109173443	0.007140886101813449	0.007619094585264818	0.00799844878569005	0.00618411217100861	0.005717988208373913	0.004760845123208096	0.007094388207550266	0.006902467289865821	0.011020295198834018	0.0078135538356520415	0.0075822517212719223
IGLV3-27:IGLJ3	0.002080787396373485	0.004062660336800266	0.013538944774644261	0.007364490123110813	0.006035496570889278	0.009958943298660568	0.008614935964931833	0.007897466524171745	0.007993444974447018	0.0063573040321789455	0.00804220202765871	0.0076795123660226275	0.009497948534884086	0.008255479139363664	0.008714550453690167	0.005702975180497881	0.008341566065835177	0.0061396587434658255	0.007585752410998424	0.00547445995466336	0.008584647176110974	0.006148692963552892	0.007784120394395433	0.007782385216335968	0.005356700451078818	0.0073998050029904887	0.0077823852163359684
IGLV1-47:IGLJ2	0.008471777256663477	0.006408703629882109	0.007581809073800786	0.0071689726862140665	0.00744623255798738	0.006128580491483427	0.006471036375485326	0.005569481989061418	0.005559350828092852	0.005297753360149122	0.006365059393749986	0.005812336810362223	0.005671238835322089	0.006697692366897532	0.006515163910615982	0.006608515158482342	0.00436036407986839	0.0064355459118256245	0.005758097037364087	0.007116797941062367	0.005825296298075301	0.006552749929729224	0.006815210893827225	0.005651028461108281	0.008472142553702785	0.0064304375132325379	0.0064355459118256245
IGLV6-57:IGLJ2	0.003963404564520925	0.010671635955116188	0.0026739415929922417	0.007364490123110814	0.005152253170271333	0.00533856816250314	0.0059596474825898286	0.004272883007480983	0.0038464697621399192	0.004032178946335721	0.00371800294746031	0.004035508459007967	0.004308489697708286	0.004633822582056617	0.0031123394477464887	0.005818576028751216	0.005655834567365519	0.007545122793174869	0.006603141995065988	0.011476090127183189	0.00956574971052366	0.006324369905368689	0.006979432843076072	0.007058897143460515	0.0009113830628571598	0.0056408893631147046	0.0053385681625031404
IGLV1-51:IGLJ1	0.007728638900815802	0.006523144766130002	0.003249346745914623	0.0058655231069024176	0.01442630887675974	0.005889182816034856	0.004838525678934317	0.006541931225246744	0.0073924340741126585	0.002825468458746198	0.0055770044211904644	0.004878749032532021	0.006029132548230766	0.005124090500294689	0.004268351242623755	0.0067048491986934555	0.002843715704261993	0.004882138277936679	0.004480703496651919	0.003527985304116388	0.005058809943065394	0.004216246603579127	0.0034486609342258253	0.004810217998036806	0.0028457471146356218	0.0053590762787868902	0.0048821382779366792
IGLV3-19:IGLJ2	0.00445883013508604	0.008296982377972374	0.00568635680535059	0.0034541413851758677	0.004710631469962364	0.003399446991369714	0.006176004321891769	0.0062472496385239185	0.005348997012975826	0.004767978024134209	0.007031875139761887	0.007348239283566748	0.003826709699561993	0.0059464753954037095	0.006082400520738851	0.006242445805680112	0.006635336643277983	0.005473912614656278	0.006445924328516796	0.004825635071147702	0.004016388500251918	0.0029513726225053882	0.005517857494761319	0.0038325314130699772	0.003106142275451953	0.0052731945988318107	0.0054739126146562782
IGLV3-9:IGLJ3	0.003567064108068832	0.0012874627827888163	0.00257239950718241	0.004659832246039142	0.0025270575073235596	0.003375507223824856	0.007021762875526631	0.0020922392657320666	0.0029449534116383763	0.0045619542823506325	0.0037382094852182464	0.006745924588192423	0.005602413121301191	0.0048077886175604476	0.0031123394477464887	0.004527699889922305	0.006192980867059452	0.005159532498273991	0.006092184578781117	0.013980148662001432	0.009489101075022667	0.006956806895905558	0.00796476453856917	0.007391310582349239	0.004956807882682309	0.005253129837642455	0.0048077886175604476
IGLV3-19:IGLJ1	0.005350596162103248	0.005493174539898949	0.00568635680535059	0.003910348737934945	0.0038273880693444205	0.003447326526459428	0.005428589786121429	0.00760278493744892	0.0068515242638117315	0.005297753360149121	0.0036371767964285635	0.004517360215307426	0.0033036342730031593	0.005313871629935233	0.004695186366886131	0.006473647502186784	0.0075832418780319814	0.005769799783016076	0.004716529996475705	0.0063260426142776605	0.004966831580464206	0.0037946219432212136	0.006700255529353031	0.0035196717058805903	0.0020087626691545567	0.0050488991068898034	0.0052977533601491211
IGLV10-54:IGLJ3	0.0032698087657297625	0.0006866468174873687	0.004874020118871935	0.008407249786560132	0.006452583732292196	0.004835833044061142	0.002360256428748447	0.0025637298044885893	0.0031853577717721204	0.004885705876581967	0.005132460590515861	0.005330485054062763	0.009594304534513343	0.0026094905325574802	0.003912655305738443	0.0076103891766779175	0.006066593502425585	0.005658842094881151	0.003222962164258398	0.0015206833207398222	0.004031718227352118	0.002529747962147476	0.002463329238732732	0.0033045806571878875	0.02020852444478172	0.0049887183581266547	0.0040317182273521181
IGLV2-18:IGLJ1	0.0023780427387125546	0.003604895791808686	0.0035472035309567973	0.0027372441165544616	0.00542704000601914	0.0033994469913697133	0.002407461557323416	0.007425975985415224	0.004579703060547842	0.004944569802805846	0.0041706293932380865	0.0042463186023889805	0.00245019541914401	0.0033527999569829443	0.002027466840246284	0.007991871975913924	0.005877012455474785	0.0035506460203175855	0.004244876996828134	0.005190599068125259	0.0031885832368412186	0.004511383865829665	0.002887021867794762	0.004810217998036806	0.022245186595452316	0.0048478557549651372	0.0041706293932380865
IGLV1-51:IGLJ2	0.006242362189120456	0.0071239607314314505	0.004907867480808545	0.005311557035694967	0.005176787709177388	0.0051949295572339994	0.005271239357538199	0.0057462909410951135	0.0052287948329089555	0.0032669479054252912	0.003960481400555547	0.00463782315438229	0.00392306569919125	0.005535282947849199	0.004997527913238648	0.006762649622820122	0.0032860714804805254	0.003032843475687937	0.005836705870638683	0.004399843741340551	0.004231004679654693	0.0042513819919422855	0.004154815315995874	0.004810217998036806	0.0030224438309038467	0.004812515874526105	0.0049078674808085447
IGLV3-10:IGLJ2	0.001981702282260462	0.004978189426783425	0.005347883185984483	0.0044317285696596044	0.007826517911031216	0.007229809798546852	0.0069627564648079175	0.005186395926321744	0.002764650141538067	0.0035024036103208076	0.004283786004682531	0.004080682061161042	0.004955451409504737	0.004902679182380719	0.005157591084837038	0.004739634778386754	0.0030016999100543258	0.0032917447480027614	0.003969746080367051	0.003730743080215031	0.004506939767458259	0.00404056966176333	0.004926658477465463	0.003324134388887225	0.004073324301341183	0.0045278968901504811	0.0044317285696596044
IGLV7-46:IGLJ2	0.003864319450407901	0.003433234087436844	0.0018954522684501967	0.004105866174831691	0.004661562392150256	0.004668254671247143	0.003933760714580746	0.0034477745646570683	0.0037863686721064833	0.005180025507701362	0.005334525968095225	0.004758286093457156	0.003455050843849138	0.0040170339107248485	0.005193160678525569	0.0042772313853734105	0.002906909386578926	0.004660222901666831	0.004559312329926515	0.0036699157473854375	0.00309660487424003	0.0035838096130422588	0.004959502867315233	0.0033632418522858976	0.004724312203382013	0.0040614295663767268	0.0040170339107248485
IGLV4-69:IGLJ2	0.0022789576245995317	0.0027465872699494747	0.0019292996303868074	0.0018900018900018902	0.002109970345920642	0.003519145829093999	0.002871645321643945	0.002180643741748915	0.006220462818460651	0.00741685470420877	0.003576557183154755	0.003192267885483915	0.004143307984058128	0.004965939558927568	0.005299869459591163	0.004238697769288966	0.0045499451268191885	0.00495611007002663	0.00400905049700435	0.005778596618811325	0.0035718264143461726	0.0030567787875948665	0.004220504095695413	0.004868879193134817	0.007244565366997222	0.0040334586074779639	0.0040090504970043501
IGLV3-10:IGLJ1	0.0023780427387125546	0.006523144766130002	0.0036555150891539505	0.0035193138641414507	0.008832434006179432	0.005170989789689142	0.003540384643122671	0.006188313321179353	0.0036060654020061743	0.0031786520160894728	0.0041221337026190385	0.00433666580669513	0.005120633123154896	0.0037956225928108805	0.004268351242623755	0.003236823751093392	0.005308269314622387	0.0026629845152381887	0.0028299179978854227	0.0017031653192286008	0.005886615206476095	0.002740560292326432	0.0025618624082820412	0.0018771582431363148	0.0011717782236734912	0.0039286158950508111	0.0036060654020061743
IGLV1-36:IGLJ3	0.004805628034481621	0.005321512835527108	0.003350888831724455	0.0030305202718995824	0.0071518180911147354	0.004404917228253714	0.002065224375154892	0.004331819324825547	0.002975003956655094	0.0023839890120671047	0.0035765571831547546	0.003960219122086178	0.0028080891320526854	0.004262167869843885	0.0022586691992217377	0.0024661514294044896	0.001706229422557196	0.001960252490383667	0.0031836577476211003	0.002412817535573851	0.002912648149037651	0.002178394078515882	0.002775350942305545	0.0025810925843124327	0.012154874113819466	0.0036407397184637746	0.0029750039566550941
IGLV2-18:IGLJ2	0.005251511047990224	0.0016708405892192637	0.003763826647351105	0.003291210187761912	0.001764851165308816	0.0026094346623894275	0.0037213376359933863	0.008115530898346636	0.0024401042553575114	0.0015304620818208572	0.0034351114188491995	0.002728485570045686	0.0013489839948096233	0.002435524497053648	0.00261436513610705	0.0022041228400302626	0.002843715704261993	0.0029588716835979877	0.0023268214649280142	0.00296431868656216	0.001413400838638271	0.0021256909959711428	0.001875414660421853	0.002620200047711106	0.007562619456280027	0.0030246702466722865	0.0026143651361070501
IGLV7-43:IGLJ2	0.003071638537503716	0.003776557496180529	0.0023016206116895244	0.0020203468479330546	0.0022081085015448576	0.0031121697808314287	0.002910982928789752	0.0019448984723706533	0.0021035381511702684	0.004767978024134209	0.004364612155714275	0.0026501846596470235	0.003468815986653317	0.0030681282625221297	0.0029167066824595665	0.0029285548224178316	0.0029069093865789265	0.0029588716835979877	0.002436873831512447	0.003223848639968423	0.0029433076032380477	0.0029162372341422294	0.0026603955778313503	0.0029330597549004924	0.003124741929795976	0.0029487635025251206	0.0029285548224178316
IGLV3-9:IGLJ2	0.001783532054034416	0.0009441393740451321	0.0013538944774644263	0.002509140440174923	0.001202192406396645	0.0015082053553259996	0.00348137823240396	0.001031385553529892	0.0011419207106352885	0.0017364858236044343	0.002040860313551583	0.004125855663314116	0.0023813697051231104	0.0024355244970536483	0.0014049989506969862	0.0022156829248555963	0.003918008303649858	0.004271870993194595	0.00444139908001462	0.008870652704315626	0.003786442593748946	0.004321652768668605	0.005205835791188506	0.004810217998036808	0.0018878649159184025	0.002912420465237845	0.0023813697051231104
IGLV3-16:IGLJ3	0.0011890213693562773	0.0022888227249578956	0.00514479901436482	0.004920522161901472	0.0028460065131022615	0.0012767876023923805	0.002832307714498137	0.002652134280505437	0.0021636392412037048	0.002825468458746198	0.0031118068147222154	0.0021884100598600423	0.002606200370924714	0.00181873582572188	0.0026677195266398474	0.0030441556706711664	0.002780522021945059	0.002884899891508038	0.0036553107472686707	0.003027849456406402	0.0037046840492145567	0.0014756863112526941	0.0038646898723229085	0.0031155612507609664	0.002417955064723078	0.002820147840598833	0.002825468458746198
IGLV5-45:IGLJ3	0.0010899362552432542	0.004520424881791844	0.004366309689822774	0.004887935922418682	0.002723333818571991	0.0030164107106519992	0.0014849946697542316	0.002652134280505437	0.0016227294309027784	0.0023839890120671047	0.001576109945119044	0.001671423279663748	0.003606467414695115	0.0034302939182528336	0.0017340176923159008	0.0034005916194522843	0.0022749725634095943	0.0032547588519577864	0.0032229621642583983	0.002919711975820459	0.0035564966872459747	0.0031797526468659246	0.0034979275190004794	0.002776629901305799	0.0013391751127697043	0.002807579598554526	0.0029197119758204589
IGLV7-46:IGLJ1	0.003567064108068832	0.005149851131155265	0.0024370100594359673	0.0019551743689674725	0.005888289337452954	0.004021880947535999	0.002360256428748447	0.0045970327528760905	0.0032454588618055567	0.001412734229373099	0.002182306077857138	0.001987638494735268	0.0016518171365015797	0.0024671546853270725	0.0012805053727871268	0.002080815268560038	0.0022749725634095943	0.0013314922576190943	0.004009050497004349	0.0019464746505469723	0.00091978362601189	0.0028459664574159104	0.001970663390986186	0.0023464478039203936	0.0012275771867055621	0.0026062967077923145	0.0022749725634095943
IGLV9-49:IGLJ3	0.0065891600885160375	0.003089910678693159	0.0020308417161966396	0.000782069747586989	0.0013248651009269148	0.0018433621009539996	0.0007080769286245342	0.0022985163764380452	0.0016227294309027784	0.0010595506720298242	0.0025460237574999943	0.0016111918101263153	0.0018445291357600969	0.0012335773426635362	0.00314790904143502	0.0023890841972355995	0.004360364079868389	0.0016273794259788934	0.003616006330631374	0.0018450957624976507	0.00367913450404756	0.003548674224679098	0.004269770680470068	0.0018380507797376414	0.00022319585212828404	0.0023651627906251379	0.0018450957624976507
IGLV4-60:IGLJ3	0.002972553423390693	0.003604895791808686	0.008258756312533	0.0017596569320707254	0.0008832434006179433	0.005362507930047999	0.0011801282143742236	0.002828943232539133	0.002704549051504631	0.001412734229373099	0.0020610668513095193	0.0004517360215307427	0.003468815986653317	0.001138686777843264	0.0008536702485247512	0.0009248067860266835	0.00398120198596679	0.0015534076338889436	0.002947831247797315	0.0023519902027442584	0.003495177778845181	0.0016864986414316504	0.0017243304671129126	0.0008212567313721377	0.00011159792606414202	0.0023416017522148698	0.0017596569320707254
IGLV7-43:IGLJ1	0.0005945106846781386	0.0044632043136678965	0.0024370100594359673	0.0019551743689674725	0.004416217003089716	0.0028727721053828565	0.002832307714498137	0.0007072358081347832	0.0025242457814043224	0.0021191013440596484	0.0019398276247619007	0.003975276989470536	0.0028080891320526854	0.001708030166764896	0.0012805053727871268	0.0030056220545867218	0.003412458845114392	0.0013314922576190943	0.0011791324991189261	0.0012165466565918577	0.00183956725202378	0.0016864986414316504	0.0017735970518875672	0.0023464478039203936	0.0012275771867055621	0.002226097948726241	0.0019551743689674725
IGLV1-50:IGLJ3	0.000445883013508604	0.0015449553393465795	0.002233925887816303	0.0013686220582772308	0.0019136940346722103	0.0018673018684988568	0.0014948290715406831	0.001944898472370654	0.0025242457814043224	0.0012361424507014616	0.0014548707185714255	0.0012347451255173634	0.00245019541914401	0.002909977321155008	0.002240884402377472	0.0015028110272933609	0.002085391516458795	0.001997238386428642	0.0026727003313362324	0.0020275777609864297	0.0026520427883342827	0.0018094725007027086	0.0016750638823382577	0.0021900179503257008	0.005393899759766865	0.0020348554747549384	0.0019448984723706539
IGLV3-27:IGLJ2	0.0002972553423390693	0.0009727496581071059	0.0021662311639430816	0.0022810367637953843	0.0013248651009269148	0.002202458614126856	0.001298141035811646	0.001885962155026089	0.0025843468714377583	0.0021191013440596484	0.0017377622471825358	0.001716596881816822	0.002395134847927291	0.002182482990866256	0.0018851884654921586	0.0013101429468711354	0.0018958104695079954	0.0017013512180688432	0.0021617429150513645	0.0018248199848877867	0.0021461617940277426	0.002143258690152723	0.0018721302214368763	0.002150910486927027	0.0015623709648979885	0.0018327205269875241	0.0018859621550260889
IGLV6-57:IGLJ1	0.001783532054034416	0.0027465872699494747	0.0008123366864786558	0.000782069747586989	0.0007360361671816193	0.0015800246579605712	0.0015341666786864907	0.0014144716162695665	0.0012621228907021612	0.0021191013440596484	0.002182306077857138	0.0009034720430614854	0.0010736811387260267	0.0018978112964054402	0.0010670878106559388	0.0026588195098267153	0.0018958104695079954	0.0024410691389683396	0.003065744497709208	0.0014598559879102295	0.002115502339827347	0.002529747962147476	0.001970663390986186	0.002463770194116413	0.0005579896303207102	0.0017221512240374495	0.001783532054034416
IGLV3-9:IGLJ1	0.0005945106846781386	0.0006866468174873687	0.0008123366864786558	0.0011731046213804834	0.0013248651009269148	0	0.0016521795001239131	0.001060853712202175	0.00144242616080247	0.001765917786716374	0.0004849569061904752	0.0036138881722459415	0.0019821805638018954	0.0031313886390689767	0.0011737965917215328	0.000809205937773348	0.0005687431408523986	0.0008876615050793964	0.0023582649982378523	0.0025547479788429013	0.0027593508780356696	0.004216246603579127	0.001970663390986186	0.001407868682352236	0.0010043813345772784	0.0015774474557656683	0.0013248651009269148
IGLV8-61:IGLJ2	0.0005945106846781386	0.0024032638612057904	0.0009477261342250982	0.003323796427244703	0.0018646249568601023	0.0013406269825119996	0.0014948290715406831	0.0007072358081347832	0.0011419207106352887	0.0019425095653880112	0.0012528053409920606	0.002589953190109592	0.0007708479970340705	0.00110705658956984	0.0016539861065167055	0.002080815268560038	0.0013902610109725296	0.0023670973468783905	0.000943305999295141	0.0019059230953272436	0.0009811025344126825	0.0010540616508947814	0.002134885340235035	0.0018380507797376416	0.000855584099825089	0.0015474712221114175	0.0013902610109725296
IGLV4-69:IGLJ1	0.0005945106846781386	0.002059940452462106	0.0008123366864786558	0.0003910348737934945	0.0007360361671816193	0.0015800246579605712	0.00047205128574968945	0.0022985163764380452	0.0034257621319058657	0.001412734229373099	0.002182306077857138	0.000993819247367634	0.0014866354228514217	0.001992701861225712	0.0016006317159839084	0.001618411875546696	0.0015166483756063962	0.0008876615050793964	0.0014149589989427113	0.0009732373252734862	0.0015636321642202129	0.0010540616508947817	0.001083864865042402	0.0018771582431363148	0.00440811807953361	0.0015374717981833244	0.0014866354228514217
IGLV1-36:IGLJ1	0.001783532054034416	0.0013732936349747373	0.0012185050297179837	0.0003910348737934945	0.002723333818571991	0.0007181930263457141	0.0005900641071871118	0.0012376626642358708	0.0034257621319058657	0.0015893260080447364	0.001212392265476188	0.0010841664516737825	0.001693112564914119	0.00037956225928108804	0.0016006317159839084	0.0012716093307866899	0.0007583241878031981	0.0004438307525396982	0.0014149589989427113	0.0007907553267847076	0.00091978362601189	0.0011594678159842597	0.000689732186845165	0.0008212567313721377	0.004296520153469468	0.0013434724686672372	0.001212392265476188
IGLV5-37:IGLJ3	0.0011890213693562773	0.00034332340874368433	0.0015569786490840904	0.0012382771003460657	0.002060901268108534	0.0016757837281399996	0.00200621796443618	0.0017680895203369582	0.001021718530568416	0.001765917786716374	0.001616523020634917	0.002559837455340875	0.001459105137243062	0.0012019471543901119	0.0010315182169674077	0.0013872101790400255	0.003412458845114392	0.0002219153762698491	0.0012184369157562235	0.0009732373252734862	0.000643848538208323	0.0008432493207158252	0.0008867985259437836	0.0011341164385615236	5.579896303207101e-05	0.0013308892295331384	0.0012184369157562235
IGLV8-61:IGLJ1	0.0011890213693562773	0.0027465872699494747	0.0012185050297179837	0.000782069747586989	0.0017664868012358865	0.0005745544210765713	0.0007080769286245342	0.001060853712202175	0.0010818196206018524	0.001412734229373099	0.002182306077857138	0.0016262496775106736	0.0008259085682507898	0.001802920731585168	0.0014939229349183144	0.0021964161168133733	0.0011374862817047971	0.0004438307525396982	0.000943305999295141	0.0009732373252734862	0.0011037403512142677	0.0010540616508947817	0.000985331695493093	0.0011732239019601968	0.0007811854824489942	0.0012505534670993902	0.0011037403512142677
IGLV1-36:IGLJ2	0.0012385639264127887	0.0024032638612057904	0.0009138787722884876	0.0006843110291386154	0.0012635287536617798	0.0006703134912559999	0.0006490705179058231	0.0007956402841516311	0.0006310614453510805	0.0006180712253507308	0.0010305334256547596	0.0010239349821363501	0.0008259085682507895	0.0009409981011343642	0.000764746264303423	0.0006165378573511223	0.00037916209390159906	0.0010725909853042705	0.0010612192492070339	0.0007096522163452503	0.0008891241718114936	0.0013351447578000566	0.0008046875513193591	0.0008212567313721377	0.0023900555832070416	0.00098133023383287113	0.0008259085682507895
IGLV2-14:IGLJ7	0.0011890213693562773	0.002059940452462106	0.0004061683432393279	0	0.00029441446687264775	0.0012065642842607998	0.0014161538572490685	0.0012376626642358708	0.0010217185305684163	0.0007063671146865495	0.0007274353592857127	0.0012648608602860794	0.00016518171365015796	0.0007591245185621761	0.0004268351242623756	0.0009248067860266835	0.0018958104695079954	0.0004438307525396982	0.0011791324991189261	0.0009732373252734862	0.00091978362601189	0.0004216246603579126	0.0007882653563944743	0.000703934341176118	0.00022319585212828404	0.00085420281310052135	0.00078826535639447428
IGLV3-27:IGLJ1	0.0005945106846781386	0.0006866468174873687	0.0004061683432393279	0	0.0005888289337452955	0.0014363860526914283	0.00047205128574968945	0.0007072358081347832	0.0025242457814043224	0.00035318355734327475	0.0009699138123809504	0.0010841664516737825	0.0008259085682507898	0.0009489056482027201	0.0012805053727871268	0.0013872101790400255	0.0007583241878031981	0	0	0.0009732373252734862	0.001287697076416646	0.0008432493207158252	0.0011823980345917113	0.001407868682352236	0.0005579896303207102	0.00085106526217131355	0.00082590856825078983
IGLV1-51:IGLJ7	0	0.00017166170437184217	0	0	0.00029441446687264775	0	0.00023602564287484473	0.0007072358081347832	0.0003606065402006175	0.0005297753360149121	0.00036371767964285637	0.0012648608602860794	0.0004129542841253949	0.000854015083382448	0.0003201263431967817	0.0009248067860266835	0.0011374862817047971	0.0008876615050793964	0.0014149589989427113	0.006447697279936846	0.0011957187138154567	0.0010540616508947817	0.0011823980345917113	0.0008212567313721377	0	0.00082325758925870908	0.00052977533601491209
IGLV1-50:IGLJ1	0.0005945106846781386	0.00034332340874368433	0.0008123366864786558	0.0011731046213804834	0.0014720723343632385	0.00028727721053828565	0.00023602564287484473	0.0014144716162695665	0	0.0010595506720298242	0.0004849569061904752	0.0010841664516737825	0.0009910902819009477	0.00037956225928108804	0.0008536702485247512	0.0006936050895200127	0.0015166483756063962	0	0.000943305999295141	0.0007299279939551147	0.0011037403512142677	0.001264873981073738	0.0007882653563944743	0.000703934341176118	0.0013391751127697043	0.00081078382503730934	0.0008123366864786558
IGLV10-54:IGLJ2	0.0002972553423390693	0	0.0008123366864786558	0.0013686220582772308	0.0014475377954571848	0.0009575907017942855	0.00047205128574968945	0.00044202238008423956	0.0009015163505015436	0.00035318355734327475	0.001010326887896823	0.0002710416129184456	0.0017757034217391985	0.00033211697687095205	0.0009603790295903452	0.001136741674491132	0.00037916209390159906	0.0012205345694841698	0.00043234858301027286	0.0003041366641479644	0.0005671999027073322	0.0004216246603579126	0.00029559950864792783	0.0004888432924834153	0.0025388528179592306	0.00076746911416927582	0.00048884329248341529
IGLV3-16:IGLJ1	0.0003963404564520924	0.0004577645449915791	0.0012185050297179837	0.0003910348737934945	0.001275796023114807	0.0005745544210765713	0.00047205128574968945	0.001060853712202175	0.0003606065402006175	0.00047091140979103294	0.0004849569061904752	0.0009034720430614854	0.0004955451409504739	0.00037956225928108804	0.0008536702485247512	0.0013101429468711354	0.0015166483756063962	0.0013314922576190943	0.0004716529996475705	0.0005677217730762004	0.0008584647176110971	0.0004216246603579126	0.0008539541360940137	0.0005475044875814251	0.0010043813345772784	0.00074716850336561762	0.00056772177307620037
IGLV10-54:IGLJ1	0	0	0	0.0011731046213804834	0.000981381556242159	0.0004309158158074285	0	0.001532344250958697	0.0003606065402006175	0.0007063671146865495	0.0008486745858333315	0.001535902473204525	0.0013214537092012637	0.00018978112964054402	0.0004268351242623756	0.00046240339301334177	0.0007583241878031981	0	0.001532872248854604	0.00024330933131837154	0.000459891813005945	0	0.00019706633909861857	0.00023464478039203935	0.0028457471146356218	0.00064966504518158862	0.00043091581580742848
IGLV5-45:IGLJ2	0.0004954255705651155	0.000743867385611316	0.0006092525148589918	0.0009775871844837363	0.00036801808359080963	0.0007181930263457141	0.0007769177411296972	0.0005304268561010874	0.0003606065402006175	0.0009712547826940056	0.00036371767964285637	0.000496909623683817	0.0006331965689922722	0.0007354018773571081	0.0007736386627255557	0.0008573729578789047	0.0007583241878031981	0.0008136897129894466	0.0005109574162848679	0.0009732373252734862	0.0002452756336031706	0.0010189262625316222	0.0007882653563944743	0.0006648268777774449	5.579896303207101e-05	0.00064964355166205533	0.00071819302634571413
IGLV3-16:IGLJ2	0.0005945106846781386	0.0005722056812394739	0.0010831155819715408	0.0010101734239665275	0.0007851052449937273	0.0004149559707775237	0.0007474145357703416	0.0001768089520336958	0.0003606065402006175	0.0007063671146865495	0.0001212392265476188	0.0005621603823493687	0.0004313078078643013	0.0008698301775191601	0.0007469614674591572	0.000809205937773348	0.00037916209390159906	0.0004438307525396982	0.0010612192492070334	0.0005136530327832289	0.0009759926253792832	0.0005621662138105501	0.0011057611249422486	0.0006517910566445537	0.00048359101294461544	0.00064676543567935608	0.00059451068467813865
IGLV9-49:IGLJ1	0.0002972553423390693	0.00017166170437184217	0.0006092525148589918	0.0003910348737934945	0.00029441446687264775	0.0011491088421531426	0.00011801282143742236	0.0007072358081347832	0.0003606065402006175	0	0.0001212392265476188	0.0005420832258368912	0.0003303634273003159	0.000569343388921632	0.0008536702485247512	0.001618411875546696	0.001706229422557196	0.0005917743367195975	0.00043234858301027286	0.0009326857700537578	0.0005518701756071339	0.0008432493207158252	0.0018392858315871064	0.00023464478039203935	0.0004463917042565681	0.00062848696926957642	0.00054208322583689124
IGLV3-21:IGLJ7	0.0005945106846781386	0.001029970226231053	0.0004061683432393279	0	0.00029441446687264775	0.0005745544210765713	0.0005900641071871118	0.0003536179040673916	0.0003606065402006175	0.0010595506720298242	0.0007274353592857127	0.000993819247367634	0.0003303634273003159	0.00037956225928108804	0.0008536702485247512	0.00046240339301334177	0.00037916209390159906	0.0008876615050793964	0.0011791324991189261	0.0017031653192286008	0.00036791345040475596	0.0004216246603579126	0.0005911990172958557	0.0004692895607840787	0	0.000600394376261066	0.00046928956078407869
IGLV9-49:IGLJ2	0.0015358192687518586	0.000858308521859211	0.0006092525148589918	0	0.00014720723343632388	0.0002633374429934285	0.0003540384643122671	0.0005304268561010874	0.0003606065402006175	0.00035318355734327475	0.0004849569061904752	0.0005571410932212493	0.00013765142804179827	0.00037956225928108804	0.0005868982958607663	0.0006550714734355676	0.0011374862817047971	0.0005178025446296478	0.0006681750828340582	0.0009529615476636218	0.0005825296298075302	0.0008081139323526659	0.0012152424244414812	0.00031285970718938574	5.579896303207101e-05	0.00056257727878173064	0.00053042685610108745
IGLV5-52:IGLJ3	0.0011890213693562773	0.000858308521859211	0.0006092525148589918	0	0.0007360361671816193	0.0018194223334091423	0.0003540384643122671	0.0007072358081347832	0	0.00035318355734327475	0.0004849569061904752	0.0007227776344491884	0.0003303634273003159	9.489056482027201e-05	0.0002134175621311878	0.0005780042412666772	0.00018958104695079953	0.0004438307525396982	0.00023582649982378524	0.0004866186626367431	0.00018395672520237798	0.000632436990536869	0.00029559950864792783	0.0005866119509800984	0.0002789948151603551	0.00049537464100369352	0.00044383075253969818
IGLV1-44:IGLJ7	0	0.00034332340874368433	0.0008123366864786558	0	0.00014720723343632388	0.000861831631614857	0.0007080769286245342	0.001060853712202175	0.0005409098103009262	0.00035318355734327475	0.000606196132738094	0.0005420832258368912	0.0003303634273003159	0.000284671694460816	0.0004268351242623756	0.00023120169650667089	0.0022749725634095943	0.0004438307525396982	0.0007074794994713557	0.0009732373252734862	0	0	0.00039413267819723714	0.00023464478039203935	0	0.00049109487476532026	0.00039413267819723714
IGLV1-47:IGLJ7	0	0.001029970226231053	0.0004061683432393279	0.000782069747586989	0.0004416217003089716	0	0.0007080769286245342	0.0007072358081347832	0.0005409098103009262	0.00035318355734327475	0.0008486745858333315	0.0002710416129184456	0	0.000569343388921632	0.0002134175621311878	0.00046240339301334177	0.0015166483756063962	0.0004438307525396982	0.0007074794994713557	0.0004866186626367431	0.000459891813005945	0.0002108123301789563	0.0005911990172958557	0.0004692895607840787	0	0.00048879546704427314	0.00046240339301334177
IGLV2-5:IGLJ3	0	5.7220568123947386e-05	0.0011169629439081515	0	0.0004906907781210796	9.575907017942854e-05	0.0010621153929368013	0	0.00018030327010030875	0.0005297753360149121	0.000303098066369047	0.00024092587814972938	0.0007020222830131713	0.0006642339537419041	0.000711391873770626	0.0006358046653933449	9.479052347539977e-05	0	0.0010612192492070334	0.00018248199848877868	0.0005886615206476095	0.0011594678159842597	0.000541932432521201	0.0006061656826794349	0.001069480124781361	0.00048378013710430123	0.00052977533601491209
IGLV1-50:IGLJ2	0.000445883013508604	0.00017166170437184217	0.00020308417161966395	0.00019551743689674725	0.00014720723343632388	0.0004309158158074285	0.0007867521429161492	0.0005304268561010874	0.000721213080401235	0.00017659177867163737	0.0004849569061904752	0.00024092587814972938	0.00046801485534211413	0.0006326037654684801	0.0005335439053279694	0.0006936050895200127	0.0005687431408523986	0.0002219153762698491	0.0007860883327459507	0.0008110311043945718	0.0008124755363105028	0.00033378618945001414	0.00019706633909861857	0.0005475044875814251	0.0009299827172011835	0.00048285987430536051	0.00048495690619047518
IGLV2-5:IGLJ1	0.0002972553423390693	0	0.0004061683432393279	0.0003910348737934945	0	0.0005745544210765713	0.00023602564287484473	0.0008840447601684791	0.0003606065402006175	0.0007063671146865495	0.0001212392265476188	0.0009034720430614854	0.0006607268546006318	0.00047445282410136006	0.0006402526863935634	0.00046240339301334177	0.00037916209390159906	0.0002219153762698491	0.0007074794994713557	0	0	0.000632436990536869	0.000689732186845165	0.0005866119509800984	0.0009485823715452073	0.00045138098142588401	0.00046240339301334177
IGLV1-40:IGLJ7	0	0.001029970226231053	0.0004061683432393279	0	0.00029441446687264775	0.00014363860526914283	0.0011801282143742236	0.0003536179040673916	0.0003606065402006175	0.00035318355734327475	0.00036371767964285637	0.0007227776344491884	0	0.00037956225928108804	0.0010670878106559388	0.00034680254476000637	0.0015166483756063962	0.0004438307525396982	0.0005895662495594631	0.00024330933131837154	0.00027593508780356693	0	0.0005911990172958557	0.0004692895607840787	0	0.00044525816645176749	0.0003606065402006175
IGLV5-45:IGLJ1	0	0.000858308521859211	0.00010154208580983198	0.0003910348737934945	0.0006624325504634574	0.0005745544210765713	0.00047205128574968945	0.0003536179040673916	0.0010818196206018524	0.00035318355734327475	0.0007274353592857127	0.0002710416129184456	0.00016518171365015796	9.489056482027201e-05	0.0004268351242623756	0.00023120169650667089	0.0011374862817047971	0	0.0007074794994713557	0.00024330933131837154	0.0005518701756071339	0.0002108123301789563	0.0007882653563944743	0.00023464478039203935	0.00011159792606414202	0.00043002386293358713	0.00035361790406739161
IGLV4-60:IGLJ2	0.0005945106846781386	0.0005149851131155265	0.0005415577909857704	0.0005865523106902417	0.00029441446687264775	0.0013406269825119999	0.00023602564287484473	0.0003536179040673916	0.00018030327010030875	0.00035318355734327475	0.0001212392265476188	0.0002710416129184456	0.0006607268546006318	0.00018978112964054402	0.0002134175621311878	0	0.00018958104695079953	0.0006657461288095472	0.0008253927493832483	0.0011354435461524007	0.0005518701756071339	0.0002108123301789563	0.0003448660934225825	0.000351967170588059	0	0.00042910653400685198	0.00035196717058805899
IGLV3-25:IGLJ7	0	0.00034332340874368433	0	0	0.0007360361671816193	0.0005745544210765713	0	0.0003536179040673916	0.0008414152604681073	0.0010595506720298242	0.0004849569061904752	0.0003613888172245942	5.506057121671931e-05	0.00037956225928108804	0.0006402526863935634	0.0009248067860266835	0.0007583241878031981	0.0004438307525396982	0.0007074794994713557	0.0004866186626367431	9.197836260118899e-05	0.0002108123301789563	0	0.0005866119509800984	0.00011159792606414202	0.00040607118128702812	0.00037956225928108804
IGLV5-39:IGLJ3	0	0.00034332340874368433	0.0006092525148589918	0.0009775871844837363	0.0008832434006179433	0	0.0003540384643122671	0.0003536179040673916	0.0003606065402006175	0.0004414794466790935	0.0002424784530952376	0.0004517360215307427	0.00016518171365015796	0.000284671694460816	0.0004801895147951726	0.00046240339301334177	0.00012638736463386634	0.0004438307525396982	0.00031443533309838027	0.0009326857700537576	0.0005212107214067375	0.00043919235453949225	0.00045982145789677666	0.00043018209738540544	0	0.00040310222024253229	0.00043018209738540544
IGLV2-23:IGLJ7	0.0005945106846781386	0.00034332340874368433	0.00020308417161966395	0	0	0	7.86752142916149e-05	0.0007072358081347832	0.00018030327010030875	0.00035318355734327475	0.001212392265476188	0.0002710416129184456	0.0002477725704752369	0.00037956225928108804	0.0010670878106559388	0.0005394706251822321	0.00037916209390159906	0.0002219153762698491	0.000943305999295141	0.00032441244175782867	0.00027593508780356693	0.0005270308254473908	0.00019706633909861857	0.0005475044875814251	0	0.00038375903640224072	0.00032441244175782867
IGLV5-37:IGLJ2	0	0	0.0003384736193661065	0.00045620735275907686	0.00029441446687264775	0.000526674885986857	0.0005900641071871118	0.0003536179040673916	0.0003005054501671812	0.00035318355734327475	0.0006466092082539668	0.0011142821864424987	0.00046801485534211413	0.000442822635827936	0.00039126553057384426	0.00046240339301334177	0.0007583241878031981	0.0002219153762698491	0.00027513091646108275	0.00024330933131837154	0.00027593508780356693	0.0002108123301789563	0.00029559950864792783	0.0001955373169933661	5.579896303207101e-05	0.0003708360868684696	0.00033847361936610652
IGLV7-46:IGLJ7	0.0005945106846781386	0	0.0004061683432393279	0	0.00029441446687264775	0.00028727721053828565	0.0011801282143742236	0	0.000721213080401235	0	0.0002424784530952376	0.0003613888172245942	0	0.000569343388921632	0.0006402526863935634	0.00046240339301334177	0.0007583241878031981	0	0.000943305999295141	0	0.00036791345040475596	0.000632436990536869	0.00039413267819723714	0.00023464478039203935	0.00011159792606414202	0.00036807739005782444	0.00036138881722459418
IGLV4-60:IGLJ1	0	0.00034332340874368433	0	0	0.00029441446687264775	0.0014363860526914283	0	0	0.000721213080401235	0.00035318355734327475	0	0.0003613888172245942	0.0005506057121671931	0.000569343388921632	0.0004268351242623756	0.0006936050895200127	0.00037916209390159906	0	0.0004716529996475705	0.0004866186626367431	0.0007358269008095119	0.000632436990536869	0.00019706633909861857	0.0004692895607840787	0	0.00036489408982252273	0.00036138881722459418
IGLV3-1:IGLJ7	0.0005945106846781386	0.00034332340874368433	0.0004061683432393279	0	0.0005888289337452955	0	0.00023602564287484473	0.0003536179040673916	0	0.0007063671146865495	0.0007274353592857127	0.0003613888172245942	0.0004955451409504739	0.00018978112964054402	0.0004268351242623756	0.00023120169650667089	0.00037916209390159906	0	0.0004716529996475705	0.0007299279939551147	0.00018395672520237798	0.000632436990536869	0.00019706633909861857	0.0005866119509800984	0	0.00035367377572911407	0.00036138881722459418
IGLV6-57:IGLJ7	0	0.001029970226231053	0.00020308417161966395	0	0.0004416217003089716	0.0004309158158074285	0.0015341666786864907	0.0001768089520336958	0.000721213080401235	0.0010595506720298242	0.0002424784530952376	0.0001806944086122971	0.0002477725704752369	0.000284671694460816	0	0.00023120169650667089	0	0.0004438307525396982	0.0007074794994713557	0	0.00036791345040475596	0.00010540616508947815	9.853316954930928e-05	0.00023464478039203935	0	0.0003496783175086103	0.00023464478039203935
IGLV4-69:IGLJ7	0.0005945106846781386	0.00034332340874368433	0	0	0	0	0.00023602564287484473	0	0.0010818196206018524	0.00035318355734327475	0.0009699138123809504	0	0	0.00037956225928108804	0.0006402526863935634	0.00046240339301334177	0	0.0004438307525396982	0.00035373974973567783	0	0	0.0004216246603579126	0	0.000703934341176118	0	0.00027936498276480578	0.00023602564287484473
IGLV3-22:IGLJ3	0.0005945106846781386	0.00017166170437184217	0.0008123366864786558	0	0.0004416217003089716	0	0.00047205128574968945	0.0003536179040673916	0.000721213080401235	0.00017659177867163737	0.0004849569061904752	0.0005420832258368912	0.00016518171365015796	0	0.0002134175621311878	0.00046240339301334177	0	0	0.00023582649982378524	0.00012165466565918577	0.00018395672520237798	0.0003162184952684345	0.00019706633909861857	0	0	0.00026665481402408068	0.00019706633909861857
IGLV4-3:IGLJ1	0	0.00034332340874368433	0	0.0003910348737934945	0.00029441446687264775	0	0.00047205128574968945	0	0.0003606065402006175	0.00035318355734327475	0.0002424784530952376	0.0001806944086122971	0.0003303634273003159	0.00018978112964054402	0.0002134175621311878	0.00046240339301334177	0.0007583241878031981	0	0.00023582649982378524	0	0.00018395672520237798	0.0004216246603579126	0	0	0	0.00021733938318734426	0.0002134175621311878
IGLV3-12:IGLJ3	0	0.00017166170437184217	0	0	8.178179635351327e-05	0.00035909651317285707	0.00023602564287484473	8.84044760168479e-05	0.0003606065402006175	0	0.00036371767964285637	3.0115734768716173e-05	2.7530285608359654e-05	0	0.00014227837475412516	0.000500937009097787	0.00037916209390159906	0.0004993095966071605	0	0.00048323936636843244	0	0.0002108123301789563	0.0004926658477465465	0	0.0006509879020408283	0.00020313331574823562	0.00014227837475412516
IGLV8-61:IGLJ7	0	0.0013732936349747373	0	0	0	0.00028727721053828565	0	0	0	0	0	0	0	0	0	0	0.0007583241878031981	0.0004438307525396982	0.00023582649982378524	0.00024330933131837154	0.00018395672520237798	0.0002108123301789563	0.00019706633909861857	0	0	0.00015734788045912115	0.0
IGLV2-11:IGLJ7	0	0.00017166170437184217	0.0004061683432393279	0	0.0007360361671816193	0.00014363860526914283	0.00023602564287484473	0.0003536179040673916	0	0	0.00036371767964285637	0	0	0.00018978112964054402	0	0	0	0	0	0.0007299279939551147	0	0.0004216246603579126	9.853316954930928e-05	0	0	0.0001540293200059962	0.0
IGLV5-37:IGLJ1	0	0	0	0	0	0	0.00023602564287484473	0	0	0	0.0002424784530952376	0.0003613888172245942	0.0004955451409504739	0.00018978112964054402	0.0008536702485247512	0.00023120169650667089	0.00037916209390159906	0	0.00023582649982378524	0.00024330933131837154	0	0	0.00019706633909861857	0	0	0.00014661821571837965	0.0
IGLV3-19:IGLJ7	0	0	0	0	0	0	0.00023602564287484473	0	0	0	0	0	0.00016518171365015796	0.00037956225928108804	0.0002134175621311878	0	0.00037916209390159906	0.0008876615050793964	0.00023582649982378524	0.00024330933131837154	0	0.0002108123301789563	0.00019706633909861857	0.0004692895607840787	0	0.00014469259352488338	0.0
IGLV2-5:IGLJ2	0	5.7220568123947386e-05	0.0003046262574294959	0	0.00019627631124843182	0	0.00011801282143742236	0	0.00018030327010030875	0.00017659177867163737	6.06196132738094e-05	0	0.00012388628523761846	9.489056482027201e-05	0.0002845567495082503	0.0002890021206333386	9.479052347539977e-05	0	0	6.0827332829592885e-05	9.197836260118899e-05	0.0005270308254473908	0.00014779975432396391	0.0002933059754900492	0.000399892568396509	0.00014006446732194508	9.4890564820272009e-05
IGLV3-10:IGLJ7	0	0	0	0	0.0008832434006179433	0	0	0	0	0.00035318355734327475	0.0002424784530952376	0.0003613888172245942	0	0.00018978112964054402	0	0.00023120169650667089	0	0	0.0004716529996475705	0	6.131890840079266e-05	0.0002108123301789563	0	0	0.00022319585212828404	0.00012913028579135473	0.0
IGLV5-52:IGLJ2	0	0.00017166170437184217	0.00020308417161966395	0	0.00014720723343632388	0.00038303628071771417	0.00011801282143742236	0.0003536179040673916	0	0	0.0002424784530952376	0.0001806944086122971	0.00016518171365015796	9.489056482027201e-05	0	0.00011560084825333544	0.00018958104695079953	0	0	0.00024330933131837154	0	0.0002108123301789563	9.853316954930928e-05	0.00011732239019601967	5.579896303207101e-05	0.00012363293341228742	0.00011732239019601967
IGLV2-14:IGLJ6	0	0.0005149851131155265	0.0004061683432393279	0	0	0	5.900641071871118e-05	0.0003536179040673916	0.0003606065402006175	0	0	0.00031621521507151985	0.0003303634273003159	0	0	0.00023120169650667089	0	0	0	0.0004866186626367431	0	0	0	0	0	0.00012235133251427299	0.0
IGLV6-57:IGLJ6	0	0.0006866468174873687	0	0	0	0	0	0	0	0	0	0	0.0003303634273003159	0.00018978112964054402	0.0002134175621311878	0	0.00037916209390159906	0.0004438307525396982	0.00011791324991189262	0	0.00018395672520237798	0.0003162184952684345	0	0	0	0.00011445161013533675	0.0
IGLV3-27:IGLJ7	0	0	0.0004061683432393279	0	0	0	0	0	0.0003606065402006175	0.00035318355734327475	0	0	0	0	0	0	0.0007583241878031981	0	0.00023582649982378524	0.00024330933131837154	0	0	0.00039413267819723714	0	0	0.00011006204551703249	0.0
IGLV5-39:IGLJ2	0	0	0.00020308417161966395	0.00019551743689674725	0	0	0.00011801282143742236	0	0	0.00026488766800745605	0.0002424784530952376	9.034720430614854e-05	0	9.489056482027201e-05	5.335439053279695e-05	0	0.00012638736463386634	0	7.860883327459507e-05	0.00044606710741701443	0.00015329727100198164	0.00012297385927105783	0.00026275511879815804	0.0001955373169933661	0	0.00010592798328423136	9.0347204306148545e-05
IGLV3-16:IGLJ6	0	0	0	0	0	0	0	0	0.000721213080401235	0	0.0002424784530952376	0.0001806944086122971	0	0	0	0	0.00037916209390159906	0.0004438307525396982	0	0.00024330933131837154	0.00018395672520237798	0	0.00019706633909861857	0	0	0.00010366844736677741	0.0
IGLV5-48:IGLJ3	0	0	0	0	0	0.00028727721053828565	0	0	0.0003606065402006175	0	0	0	0	3.79562259281088e-05	0	0.00023120169650667089	0.00037916209390159906	0	0.00031443533309838027	0.00012165466565918577	0.00018395672520237798	0	0.00019706633909861857	0	0.0003347937781924261	9.7924424333050813e-05	0.0
IGLV1-47:IGLJ6	0.0005945106846781386	0	0.0004061683432393279	0	0.00029441446687264775	0	0	0	0	0	0	0	0	0	0.0002134175621311878	0.00023120169650667089	0	0	0	0	0.00036791345040475596	0	0.00019706633909861857	0	0	9.2187701717253901e-05	0.0
IGLV4-60:IGLJ7	0	0.00011444113624789477	0	0	0	0	0	0	0	0.0007063671146865495	0.0004849569061904752	0	0	0.00018978112964054402	0.0002134175621311878	0	0	0	0	0.00024330933131837154	0.00018395672520237798	0	0	0	0	8.5449196216696023e-05	0.0
IGLV3-10:IGLJ6	0	0	0	0	0	0.00028727721053828565	0	0	0	0.00035318355734327475	0.0002424784530952376	0	0.0003303634273003159	0	0.0002134175621311878	0	0	0	0.00023582649982378524	0	0.00018395672520237798	0.0002108123301789563	0	0	0	8.2292630624536848e-05	0.0
IGLV2-8:IGLJ7	0	0.00034332340874368433	0	0	0	0	0	0.0003536179040673916	0	0	0	0.0005420832258368912	0	0	0.0002134175621311878	0	0	0	0	0.00024330933131837154	0.00018395672520237798	0	0	0	0.00011159792606414202	7.9652243334561867e-05	0.0
IGLV4-3:IGLJ3	0	0	0	0	0	0.00028727721053828565	0	0	0.0003606065402006175	0	0	9.034720430614854e-05	0.0002477725704752369	0.00018978112964054402	0.0003201263431967817	0.00011560084825333544	0	0	0	0	9.197836260118899e-05	0.00010540616508947815	0	0	0	7.2355854972064684e-05	0.0
IGLV2-23:IGLJ6	0.0005945106846781386	0.00017166170437184217	0	0	0	0.0002274277916761428	0	0	0	0.00017659177867163737	0	0.0001806944086122971	0	0.00018978112964054402	0	0	0	0	0	0	0	0	0.00019706633909861857	0	0	6.9509353469968831e-05	0.0
IGLV5-52:IGLJ1	0	0	0	0	0	0	0.00023602564287484473	0	0	0	0	0	0	0	0	0	0.00037916209390159906	0	0	0	0	0	0	0	0.0011159792606414204	6.9246679896714565e-05	0.0
IGLV2-14:IGLJ5	0.0011890213693562773	0	0	0.0003910348737934945	0	0	0	0	0	0	0	0	0	0	0	0	0	0	0	0	0	0	0	0	0.00011159792606414202	6.7666166768556551e-05	0.0
IGLV3-22:IGLJ1	0	0	0.0004061683432393279	0	0	0	0	0	0	0	0	0	0	0	0.0002134175621311878	0	0.00037916209390159906	0.0004438307525396982	0	0	0	0.0002108123301789563	0	0	0	6.6135643279630779e-05	0.0
IGLV3-12:IGLJ2	0	0	0	0	8.178179635351327e-05	0	0.00023602564287484473	8.84044760168479e-05	0	0	0	3.0115734768716173e-05	2.7530285608359654e-05	0	0.00014227837475412516	0.00026973531259111603	0	5.547884406746227e-05	0	0.00023993003505006085	0	0	9.853316954930928e-05	0	0.00022319585212828404	5.9720380950505574e-05	0.0
IGLV1-50:IGLJ7	0	0	0	0	0	0	0	0	0	0	0	0.0001806944086122971	0	0	0.0002134175621311878	0	0.00037916209390159906	0	0	0.0004866186626367431	0	0	0.00019706633909861857	0	0	5.8278362655217827e-05	0.0
IGLV4-69:IGLJ6	0	0	0	0	0	0	0	0	0	0	0.0002424784530952376	0.0001806944086122971	0	0	0	0	0.00037916209390159906	0	0	0.00024330933131837154	0	0	0.00039413267819723714	0	0	5.7591078604989703e-05	0.0
IGLV3-21:IGLJ6	0	0	0	0	0	0	0	0	0	0.0005297753360149121	0	0	8.259085682507898e-05	9.489056482027201e-05	0	0	0	0.0004438307525396982	0	0	9.197836260118899e-05	4.2162466035791264e-05	0	0	0	5.1409133553477653e-05	0.0
IGLV2-34:IGLJ3	0	0	0	0.00019551743689674725	7.360361671816194e-05	2.8727721053828565e-05	0	5.893631734456526e-05	0	0	0	4.517360215307427e-05	0.0002587846847185808	9.489056482027201e-05	0	0.00011560084825333544	9.479052347539977e-05	0	0	6.0827332829592885e-05	0	0	3.941326781972372e-05	0	0.00019343640517784617	5.0388092850445126e-05	0.0
IGLV2-NL1:IGLJ3	0	0	0	0.00019551743689674725	7.360361671816194e-05	2.8727721053828565e-05	0	5.893631734456526e-05	0	0	0	4.517360215307427e-05	0.00022574834198854917	9.489056482027201e-05	0	0.00011560084825333544	9.479052347539977e-05	0	0	6.0827332829592885e-05	0	0	3.941326781972372e-05	0	0.00019343640517784617	4.9066639141243857e-05	0.0
IGLV7-43:IGLJ7	0	0	0.0004061683432393279	0	0	0	0.00023602564287484473	0	0	0	0	0	0	0	0	0.00023120169650667089	0	0	0	0	0	0.0002108123301789563	0	0	0.00011159792606414202	4.7832237554557668e-05	0.0
IGLV1-41:IGLJ3	0	0	0	0	0.00014720723343632388	0	0	0	0	0	0	0	8.259085682507898e-05	0	0	0	0	0	0	0	0.00018395672520237798	0	0.00019706633909861857	0.00011732239019601967	0.0002789948151603551	4.0285534396750963e-05	0.0
IGLV1-44:IGLJ6	0	0	0	0	0	0	0	0	0	0.00035318355734327475	0	0	0.0003303634273003159	0.00018978112964054402	0	0	0	0	0	0	0	0	0	0	0	3.4933124571365388e-05	0.0
IGLV1-36:IGLJ7	0	0	0	0	0	0.00014363860526914283	0.00023602564287484473	0	0	0	0.0002424784530952376	0.0001806944086122971	0	0	0	0	0	0	0	0	0	0	0	0	0	3.2113484394060889e-05	0.0
IGLV3-1:IGLJ6	0	0	0	0	0	0	0	0	0	0.00035318355734327475	0	0	0	0	0	0	0	0	0	0	0.00018395672520237798	0	0	0.00023464478039203935	0	3.0871402517507684e-05	0.0
IGLV5-52:IGLJ6	0	0	0	0	0	0	0	0.0003536179040673916	0	0	0	0	0	0	0.0002134175621311878	0	0	0	0	0	0	0	0.00019706633909861857	0	0	3.0564072211887919e-05	0.0
IGLV3-22:IGLJ2	0	0.00017166170437184217	0	0	0.00014720723343632388	0	0	0	0	0.00017659177867163737	0	0	0	0	0	0	0	0	0	0.00012165466565918577	0	0.00010540616508947815	0	0	0	2.8900861889138694e-05	0.0
IGLV3-25:IGLJ5	0	0	0	0	0	0	0	0	0	0	0	0	8.259085682507898e-05	0	0	0	0	0	0	0	0.0004139026317053505	0.0002108123301789563	0	0	0	2.8292232748375429e-05	0.0
IGLV10-54:IGLJ7	0	0	0	0	0	0	0	0	0	0.00035318355734327475	0	0.0001806944086122971	0.00016518171365015796	0	0	0	0	0	0	0	0	0	0	0	0	2.7962387184229191e-05	0.0
IGLV1-44:IGLJ5	0	0	0.0004061683432393279	0	0	0	0	0	0	0	0	0.0001806944086122971	0	0	0	0	0	0	0	0	0	0	0	0	0.00011159792606414202	2.7938427116630678e-05	0.0
IGLV5-45:IGLJ7	0	0	0	0	0	0	0	0	0	0	0.0002424784530952376	0	0	0	0	0	0	0	0	0	0	0.0002108123301789563	0	0.00023464478039203935	0	2.751742254664933e-05	0.0
IGLV2-34:IGLJ1	0	0	0	0	0	0	4.720512857496895e-05	0	0	0.00017659177867163737	0	9.034720430614854e-05	0	0	0	0.00016184118755466963	0	0	0	0	0	0	9.853316954930928e-05	0	0.00010043813345772782	2.6998264084578466e-05	0.0
IGLV2-NL1:IGLJ1	0	0	0	0	0	0	0	0	0	0.00017659177867163737	0	9.034720430614854e-05	0	0	0	0.00016184118755466963	0	0	0	0	0	0	9.853316954930928e-05	0	0.00010043813345772782	2.5110058941579704e-05	0.0
IGLV2-23:IGLJ5	0	0	0	0	0	0	0	0	0	0	0	0	0	0.00018978112964054402	0	0	0	0	0.00023582649982378524	0	0	7.027077672631876e-05	0	0	0.00011159792606414202	2.4299053290191601e-05	0.0
IGLV4-3:IGLJ2	0	0	0	0	0	0	0	0	0	0	0	9.034720430614854e-05	8.259085682507898e-05	0	0.0001067087810655939	0.00011560084825333544	0	0	0	0	9.197836260118899e-05	0.00010540616508947815	0	0	0	2.3705288725632962e-05	0.0
IGLV5-39:IGLJ1	0	0	0	0	0	0	0	0	0	0	0	0	0	0	0	0	0	0	0	0	0.00018395672520237798	0.0002108123301789563	0.00019706633909861857	0	0	2.3673415779198111e-05	0.0
IGLV2-8:IGLJ6	0	0	0	0	0	0	0	0	0	0	0	0	0.00016518171365015796	0	0	0	0	0	0	0	0.00018395672520237798	0	0	0	0.00019529637061224854	2.1777392378591378e-05	0.0
IGLV2-11:IGLJ5	0	0	0	0	0	0.00028727721053828565	0	0	0.00018030327010030875	0	0	0	0	0	0	0	0	0	0	0	0	0	0	0	5.579896303207101e-05	2.0935177746826618e-05	0.0
IGLV3-25:IGLJ6	0	0	0	0	0	0.00028727721053828565	0	0	0	0	0	0	0	0	0	0	0	0	0.00023582649982378524	0	0	0	0	0	0	2.0924148414482833e-05	0.0
IGLV2-34:IGLJ2	0	0	0	0	7.360361671816194e-05	2.8727721053828565e-05	0	5.893631734456526e-05	0	0	0	4.517360215307427e-05	0.00011012114243343862	0	0	0	9.479052347539977e-05	0	0	6.0827332829592885e-05	0	0	0	0	3.7199308688047347e-05	2.0375182587844347e-05	0.0
IGLV2-NL1:IGLJ2	0	0	0	0	7.360361671816194e-05	2.8727721053828565e-05	0	5.893631734456526e-05	0	0	0	4.517360215307427e-05	0.00011012114243343862	0	0	0	9.479052347539977e-05	0	0	6.0827332829592885e-05	0	0	0	0	3.7199308688047347e-05	2.0375182587844347e-05	0.0
IGLV3-12:IGLJ1	0	0	0	0	0	0	0	0	0	0	0	0	0.00016518171365015796	0	0	0	0	0	0	0	0	0	0.00019706633909861857	0	0.00011159792606414202	1.895383915251674e-05	0.0
IGLV1-40:IGLJ4	0	0	0	0	0	0	0	0	0	0	0	0	0	0	0	0.00023120169650667089	0	0	0	0	0	0	0	0.00023464478039203935	0	1.8633859075948409e-05	0.0
IGLV2-8:IGLJ5	0	0	0	0	0	0	0	0	0	0	0	0	5.506057121671931e-05	0	0	0	0	0	0	0	0	0.0002108123301789563	0.00019706633909861857	0	0	1.8517569619771767e-05	0.0
IGLV9-49:IGLJ6	0	0	0	0	0	0	0	0	0	0	0	0	0.00016518171365015796	0.00018978112964054402	0	0	0	0	0	0	0	0	9.853316954930928e-05	0	0	1.8139840513600448e-05	0.0
IGLV5-48:IGLJ1	0	0	0	0	0	0	0	0	0	0	0	0	0	0	0	0	0	0.0004438307525396982	0	0	0	0	0	0	0	1.7753230101587928e-05	0.0
IGLV3-19:IGLJ6	0	0	0	0	0	0	0	0	0	0	0.0002424784530952376	0	0.00016518171365015796	0	0	0	0	0	0	0	0	0	0	0	0	1.6306406669815823e-05	0.0
IGLV3-1:IGLJ5	0	0	0.0004061683432393279	0	0	0	0	0	0	0	0	0	0	0	0	0	0	0	0	0	0	0	0	0	0	1.6246733729573115e-05	0.0
IGLV1-51:IGLJ6	0	0	0	0	0.00029441446687264775	0	0	0	0	0	0	0	0	0	0	0	0	0	0	0	0	0	0	0	0.00011159792606414202	1.6240495717471588e-05	0.0
IGLV2-18:IGLJ7	0	0.00034332340874368433	0	0	0	5.745544210765713e-05	0	0	0	0	0	0	0	0	0	0	0	0	0	0	0	0	0	0	0	1.6031154034053656e-05	0.0
IGLV1-40:IGLJ5	0	0.00034332340874368433	0	0	0	0	0	0	0	0	0	0	0	0	0	0	0	0	0	0	0	0	0	0	5.579896303207101e-05	1.5964894871030214e-05	0.0
IGLV3-12:IGLJ6	0	0	0	0.0003910348737934945	0	0	0	0	0	0	0	0	0	0	0	0	0	0	0	0	0	0	0	0	0	1.5641394951739778e-05	0.0
IGLV5-48:IGLJ7	0	0	0	0	0	0	0	0	0	0	0	0	0	0	0	0	0.00037916209390159906	0	0	0	0	0	0	0	0	1.5166483756063963e-05	0.0
IGLV9-49:IGLJ7	0	0	0	0	0	0	0	0	0	0	0	0	0	0	0	0	0.00037916209390159906	0	0	0	0	0	0	0	0	1.5166483756063963e-05	0.0
IGLV1-51:IGLJ5	0	0	0	0	0	0	0	0	0	0	0	0	0	0	0	0	0	0	0.00023582649982378524	0	0	0	0	0	0.00011159792606414202	1.3896977035517091e-05	0.0
IGLV7-46:IGLJ5	0	0	0	0	0	0	0	0	0	0	0	0	0	0	0	0	0	0.0002219153762698491	0	0.00012165466565918577	0	0	0	0	0	1.3742801677161394e-05	0.0
IGLV3-19:IGLJ4	0	0.00034332340874368433	0	0	0	0	0	0	0	0	0	0	0	0	0	0	0	0	0	0	0	0	0	0	0	1.3732936349747373e-05	0.0
IGLV2-11:IGLJ6	0	0	0	0	0	0	0	0	0	0	0	0	0	0	0	0	0	0	0	4.055155521972858e-05	9.197836260118899e-05	0	0.00019706633909861857	0	0	1.3183850276781445e-05	0.0
IGLV3-19:IGLJ5	0	0	0	0	0	0	0	0	0	0	0	0	0	0	0	0	0.00018958104695079953	0	0	0	0	0	0	0	0.00011159792606414202	1.2047158920597663e-05	0.0
IGLV3-9:IGLJ7	0	0	0	0	0	0.00028727721053828565	0	0	0	0	0	0	0	0	0	0	0	0	0	0	0	0	0	0	0	1.1491088421531426e-05	0.0
IGLV3-21:IGLJ5	0	0	0	0	0	0.00014363860526914283	0.00011801282143742236	0	0	0	0	0	0	0	0	0	0	0	0	0	0	0	0	0	0	1.0466057068262606e-05	0.0
IGLV3-16:IGLJ7	0	0	0	0	0	0	0	0	0.00012020218006687248	0	0	0	0.00013765142804179827	0	0	0	0	0	0	0	0	0	0	0	0	1.0314144324346829e-05	0.0
IGLV5-37:IGLJ7	0	0	0	0	0	0	0.00023602564287484473	0	0	0	0	0	0	0	0	0	0	0	0	0	0	0	0	0	0	9.4410257149937888e-06	0.0
IGLV1-50:IGLJ6	0	0	0	0	0	0	0	0	0	0	0	0	0	0	0	0	0	0	0	0	0	0	0	0.00023464478039203935	0	9.3857912156815744e-06	0.0
IGLV1-41:IGLJ2	0	0	0	0	0	0	0	0	0	0	0	0	0	0	0	0	0	0	0	0	0	0	0	0.00011732239019601967	0.00011159792606414202	9.1568126504064675e-06	0.0
IGLV2-18:IGLJ6	0	0	0	0	0	0	0	0	0	0	0	0	0	0	0.0002134175621311878	0	0	0	0	0	0	0	0	0	0	8.536702485247511e-06	0.0
IGLV3-31:IGLJ3	0	0	0.00020308417161966395	0	0	0	0	0	0	0	0	0	0	0	0	0	0	0	0	0	0	0	0	0	0	8.1233668647865574e-06	0.0
IGLV5-48:IGLJ2	0	0	0	0	0	0	0	0	0	0	0	0	0	0	0	0	0	0	7.860883327459507e-05	0.00012165466565918577	0	0	0	0	0	8.0105399573512339e-06	0.0
IGLV3-32:IGLJ2	0	0	0	0	0	0	0.00011801282143742236	0	0	0	0	0	0	0	0	0	0	0	0	0	0	0	0	0	0	4.7205128574968944e-06	0.0
IGLV3-32:IGLJ3	0	0	0	0	0	0	0.00011801282143742236	0	0	0	0	0	0	0	0	0	0	0	0	0	0	0	0	0	0	4.7205128574968944e-06	0.0
IGLV7-43:IGLJ6	0	0	0	0	0	0	0	0	0	0	0	0	0	0	0	0	0	0	0	0	0	0	0	0	0.00011159792606414202	4.4639170425656811e-06	0.0
IGLV10-54:IGLJ6	0	0	0	0	0	0	0	0	0	0	0	0	0	0	0	0	0	0	0	0	0	0	0	0	5.579896303207101e-05	2.2319585212828406e-06	0.0
IGLV2-18:IGLJ5	0	0	0	0	0	0	0	0	0	0	0	0	0	0	0	0	0	0	0	0	0	0	0	0	5.579896303207101e-05	2.2319585212828406e-06	0.0
IGLV2-11:IGLJ4	0	0	0	0	0	0	0	0	0	0	0	0	0	0	0	0	0	0	0	0	0	0	3.2844389849769755e-05	0	0	1.3137755939907902e-06	0.0
